1	26.54846	0.53333	115
1	24.89196	0.53333	131
1	26.43850	0.53333	151
1	26.30869	0.53333	164
1	25.28842	0.53333	182
1	25.14832	0.53333	198
1	24.41067	0.53333	212
1	25.00017	0.53333	230
1	25.25748	0.53333	247
1	25.11607	0.53333	263
1	26.36594	0.53617	278
1	24.72847	0.53902	294
1	25.20761	0.54186	311
1	25.32759	0.54323	326
1	25.41396	0.54460	346
1	25.65088	0.54596	361
1	25.45416	0.54733	376
1	25.31801	0.54870	396
1	25.28004	0.55007	408
1	25.82705	0.55007	425
1	24.96914	0.55007	445
1	26.78026	0.55007	457
1	25.25431	0.54880	475
1	25.42149	0.54753	491
1	24.51359	0.54626	508
1	25.27493	0.54341	525
1	26.99345	0.54057	541
1	27.32183	0.53772	558
1	26.97560	0.53636	573
1	26.20219	0.53499	592
1	26.49627	0.53362	606
1	27.19568	0.53098	625
1	26.94615	0.52835	642
1	25.72461	0.52571	657
1	26.97949	0.52571	674
1	27.17436	0.52571	689
1	26.43033	0.52571	704
1	27.02537	0.52698	722
1	25.91287	0.52825	737
1	25.60652	0.52952	755
1	25.04264	0.52825	771
1	25.45013	0.52698	788
1	24.99662	0.52571	803
1	24.71632	0.52571	821
1	26.40207	0.52571	836
1	26.56773	0.52571	854
1	25.36970	0.52698	869
1	25.87378	0.52825	886
1	25.38147	0.52952	901
1	24.95243	0.52825	919
1	24.83009	0.52698	934
1	25.17871	0.52571	951
1	25.16673	0.52215	969
1	25.50394	0.51860	983
1	25.41969	0.51504	1000
1	25.97966	0.51276	1018
1	25.29676	0.51047	1033
1	25.58663	0.50818	1051
1	26.01759	0.50463	1066
1	26.09890	0.50107	1085
1	26.29287	0.49752	1099
1	26.36840	0.49889	1116
1	26.12962	0.50025	1132
1	25.50481	0.50162	1147
1	26.13298	0.50573	1166
1	25.19747	0.50985	1183
1	25.79747	0.51396	1197
1	26.13528	0.52036	1214
1	26.52603	0.52676	1232
1	26.27128	0.53316	1247
1	26.83962	0.53316	1265
1	25.90258	0.53316	1280
1	26.25789	0.53316	1297
1	26.61649	0.53316	1312
1	26.30390	0.53316	1330
1	27.79952	0.53316	1345
1	27.86892	0.53053	1363
1	26.51842	0.52789	1379
1	26.39018	0.52525	1396
1	26.75264	0.52525	1410
1	27.79217	0.52525	1428
1	4.47447	0.52525	1443
1	26.95995	0.52241	1460
1	26.75484	0.51956	1478
1	26.79518	0.51672	1495
1	27.93992	0.51782	1511
1	27.03230	0.51892	1526
1	27.15687	0.52003	1542
1	26.38594	0.52113	1560
1	28.02841	0.52223	1575
1	27.64253	0.52334	1593
1	27.44253	0.52105	1608
1	26.90492	0.51877	1626
1	25.94773	0.51648	1641
1	27.36018	0.51118	1659
1	26.17952	0.50589	1674
1	26.03506	0.50059	1691
1	25.68342	0.49814	1708
1	26.83698	0.49569	1725
1	26.82518	0.49324	1739
1	25.52902	0.49324	1757
1	25.30699	0.49324	1773
1	25.38875	0.49324	1790
1	24.99992	0.49442	1805
1	25.96848	0.49560	1823
1	25.51159	0.49678	1838
1	23.35705	0.50034	1855
0	23.35705	0.50389	1872
0	23.35705	0.50745	1887
0	23.35705	0.50990	1905
0	23.35705	0.51235	1923
0	23.35705	0.51480	1938
0	23.35705	0.51726	1956
0	23.35705	0.51971	1971
0	23.35705	0.52216	1989
0	23.35705	0.52461	2007
0	23.35705	0.52707	2022
0	23.35705	0.52952	2040
0	23.35705	0.53079	2055
0	23.35705	0.53206	2070
0	23.35705	0.53333	2088
0	23.35705	0.53333	2105
0	23.35705	0.53333	2119
0	23.35705	0.53333	2137
0	23.35705	0.53333	2153
0	23.35705	0.53333	2169
0	23.35705	0.53333	2187
0	23.35705	0.53333	2202
0	23.35705	0.53333	2219
0	23.35705	0.53333	2237
1	20.46331	0.53333	2252
1	18.20532	0.53333	2266
1	18.38782	0.53333	2284
1	17.98710	0.53333	2299
1	18.52698	0.53333	2317
1	20.27484	0.53333	2332
1	18.44662	0.53206	2347
1	21.22656	0.53079	2365
1	22.14826	0.52952	2380
1	21.41284	0.53089	2398
1	21.02341	0.53225	2413
1	21.20502	0.53362	2431
1	23.02896	0.53499	2446
1	22.48355	0.53636	2461
1	21.80706	0.53772	2479
1	20.78978	0.53772	2494
1	21.92213	0.53772	2512
1	21.99726	0.53772	2529
1	21.51611	0.54057	2544
1	21.78856	0.54341	2562
1	22.13125	0.54626	2577
1	22.70264	0.54626	2595
1	22.75440	0.54626	2609
1	24.48484	0.54626	2627
1	22.31054	0.54362	2644
1	23.51562	0.54098	2658
1	22.51551	0.53834	2677
1	23.09808	0.53571	2693
1	24.01626	0.53307	2709
1	23.30387	0.53043	2727
1	22.99094	0.52916	2742
1	22.31811	0.52789	2760
1	23.56367	0.52662	2775
1	22.68445	0.52251	2793
1	23.59190	0.51839	2808
1	23.39198	0.51428	2823
1	23.40512	0.51428	2841
1	22.05412	0.51428	2856
1	21.61437	0.51428	2874
1	22.99607	0.51428	2889
1	22.26220	0.51428	2907
1	23.24060	0.51428	2922
1	21.54044	0.51428	2940
1	22.78129	0.51428	2955
1	22.42257	0.51428	2973
1	21.07861	0.51096	2988
1	22.75311	0.50764	3006
1	22.62337	0.50433	3022
1	23.11929	0.50314	3039
1	21.54321	0.50196	3054
1	22.97906	0.50078	3072
1	21.87187	0.49960	3087
1	21.48662	0.49841	3102
1	21.59414	0.49723	3120
1	22.49294	0.49605	3136
1	20.63984	0.49487	3151
1	22.69700	0.49369	3169
1	21.27043	0.49250	3184
1	21.69546	0.49132	3202
1	21.46240	0.49014	3220
1	21.44419	0.49227	3235
1	26.83165	0.49441	3255
1	4.43660	0.49655	3269
0	4.43660	0.49253	3284
0	4.43660	0.48852	3303
0	4.43660	0.48451	3317
0	4.43660	0.48050	3335
0	4.43660	0.47648	3350
0	4.43660	0.47247	3368
0	4.43660	0.46937	3382
0	4.43660	0.46626	3400
0	4.43660	0.46316	3417
0	4.43660	0.46006	3432
0	4.43660	0.45695	3449
0	4.43660	0.45385	3464
0	4.43660	0.45075	3482
0	4.43660	0.44764	3497
0	4.43660	0.44454	3515
0	4.43660	0.44139	3530
0	4.43660	0.43825	3548
0	4.43660	0.43510	3563
0	4.43660	0.43196	3581
0	4.43660	0.42881	3596
0	4.43660	0.42567	3614
0	4.43660	0.42162	3629
0	4.43660	0.41756	3644
0	4.43660	0.41351	3662
0	4.43660	0.40945	3680
0	4.43660	0.40540	3695
0	4.43660	0.40135	3712
0	4.43660	0.39729	3727
0	4.43660	0.39324	3744
0	4.43660	0.38918	3762
0	4.43660	0.38918	3777
0	4.43660	0.38918	3794
0	4.43660	0.38918	3811
0	4.43660	0.38918	3826
0	4.43660	0.38918	3844
0	4.43660	0.38918	3859
0	4.43660	0.38918	3876
0	4.43660	0.38918	3891
0	4.43660	0.38918	3909
0	4.43660	0.38918	3927
0	4.43660	0.38918	3942
0	4.43660	0.38918	3957
0	4.43660	0.38918	3975
0	4.43660	0.38918	3990
0	4.43660	0.38918	4008
0	4.43660	0.38918	4023
0	4.43660	0.38918	4041
0	4.43660	0.38918	4056
0	4.43660	0.38918	4074
0	4.43660	0.38918	4089
0	4.43660	0.38918	4107
0	4.43660	0.38918	4123
0	4.43660	0.38918	4137
0	4.43660	0.38918	4155
0	4.43660	0.39524	4170
0	4.43660	0.40129	4188
0	4.43660	0.40735	4206
0	4.43660	0.41568	4222
1	22.06879	0.42402	4239
1	22.10242	0.43236	4256
1	23.46083	0.43952	4271
1	22.34258	0.44668	4286
1	21.83690	0.45384	4303
1	22.62307	0.46218	4318
1	22.69435	0.47052	4336
1	22.00754	0.47886	4351
1	22.36711	0.48601	4369
1	21.96045	0.49317	4384
1	21.15658	0.50033	4401
1	23.16084	0.50033	4416
1	23.22531	0.50033	4434
1	22.72137	0.50033	4449
1	23.50050	0.50160	4467
1	22.79435	0.50287	4485
1	23.15833	0.50414	4499
1	22.51699	0.50659	4516
1	23.03923	0.50904	4534
1	21.62699	0.51149	4549
1	22.12016	0.51149	4567
1	23.23215	0.51149	4581
1	22.97904	0.51149	4599
1	21.62205	0.51268	4614
1	22.65148	0.51386	4632
1	22.54156	0.51504	4647
1	22.81759	0.51128	4665
1	20.99240	0.50751	4680
1	21.10566	0.50375	4698
1	21.14938	0.49728	4713
1	22.60774	0.49082	4731
1	23.09331	0.48435	4746
1	22.75739	0.47880	4764
1	21.46865	0.47324	4779
1	22.07221	0.46769	4797
1	21.29907	0.46164	4812
1	23.42075	0.45559	4829
1	23.09360	0.44954	4844
1	21.93416	0.44348	4862
1	23.02960	0.43743	4877
1	21.61588	0.43138	4895
1	22.87910	0.43138	4912
1	23.14518	0.43138	4927
1	22.42602	0.43138	4945
1	23.24189	0.43053	4959
1	21.43384	0.42967	4977
1	22.53090	0.42882	4992
1	23.21048	0.42705	5009
1	23.66491	0.42529	5024
1	23.03141	0.42352	5042
1	23.58749	0.42352	5058
1	23.49739	0.42352	5076
1	22.39569	0.42352	5091
1	23.14520	0.42352	5109
1	23.90780	0.42352	5124
1	23.63107	0.42352	5142
1	22.62536	0.42352	5157
1	23.27668	0.42352	5175
1	22.22305	0.42352	5190
1	23.80328	0.42352	5208
1	22.18968	0.42352	5223
1	22.14935	0.42352	5240
1	23.60872	0.42352	5255
1	23.69364	0.42352	5273
1	23.14277	0.42352	5288
1	22.14204	0.43221	5306
1	22.44268	0.44090	5321
1	22.23358	0.44959	5339
1	22.30070	0.45691	5354
1	22.54311	0.46423	5372
1	22.26162	0.47155	5387
1	22.05610	0.47887	5405
1	21.84865	0.48619	5419
1	21.60805	0.49351	5437
1	21.60603	0.50220	5452
1	21.75980	0.51088	5470
1	2.26011	0.51957	5488
1	21.67176	0.52444	5503
1	20.74425	0.52931	5521
0	20.74425	0.53418	5535
0	20.74425	0.53036	5553
0	20.74425	0.52654	5571
0	20.74425	0.52272	5586
0	20.74425	0.52026	5604
0	20.74425	0.51781	5619
0	20.74425	0.51536	5634
0	20.74425	0.51291	5651
0	20.74425	0.51046	5669
0	20.74425	0.50800	5684
0	20.74425	0.50418	5701
0	20.74425	0.50036	5716
0	20.74425	0.49655	5734
0	20.74425	0.49655	5749
0	20.74425	0.49655	5767
0	20.74425	0.49655	5782
0	20.74425	0.49655	5800
0	20.74425	0.49655	5815
0	20.74425	0.49655	5834
0	20.74425	0.49655	5848
0	20.74425	0.49655	5865
0	20.74425	0.49655	5883
0	20.74425	0.49655	5898
0	20.74425	0.49655	5916
0	20.74425	0.49655	5931
1	22.54026	0.49655	5949
1	22.42635	0.49655	5964
1	22.76699	0.49655	5979
1	22.45495	0.49655	5994
1	22.38624	0.49655	6011
1	22.26025	0.49655	6028
1	22.64355	0.49655	6043
1	22.45140	0.49655	6061
1	22.37576	0.49655	6078
1	21.95385	0.49773	6093
1	22.71792	0.49891	6111
1	3.21426	0.50009	6128
1	22.02555	0.50391	6143
1	22.61882	0.50773	6158
1	23.36214	0.51155	6176
1	23.26315	0.51400	6191
1	22.90685	0.51646	6209
1	22.62985	0.51891	6224
1	23.25007	0.52273	6242
1	23.31242	0.52655	6257
1	23.42179	0.53037	6275
1	23.38754	0.53282	6289
1	23.50869	0.53527	6307
1	22.85383	0.53772	6322
1	23.71119	0.53899	6339
1	23.76667	0.54026	6357
1	23.55824	0.54153	6372
1	22.93306	0.54016	6389
1	23.49890	0.53880	6404
1	33.14950	0.53743	6422
1	24.01631	0.53743	6437
1	23.10977	0.53743	6454
1	23.18423	0.53743	6471
1	23.25653	0.53606	6489
1	23.27780	0.53469	6506
1	23.81713	0.53333	6522
1	23.52916	0.53469	6538
1	23.84948	0.53606	6555
1	23.66501	0.53743	6569
1	23.48251	0.53743	6587
1	24.41642	0.53743	6602
1	32.71697	0.53743	6620
1	23.67211	0.53880	6635
1	23.78156	0.54016	6652
1	23.79944	0.54153	6669
1	24.42027	0.54153	6686
1	2.78617	0.54153	6700
1	24.25909	0.54153	6718
1	34.03412	0.54290	6733
1	23.60445	0.54427	6750
1	24.20397	0.54563	6768
1	23.44381	0.54427	6783
1	23.91622	0.54290	6800
1	24.11034	0.54153	6815
1	23.93296	0.54438	6833
1	23.41839	0.54722	6848
1	22.99957	0.55007	6866
1	23.50784	0.55154	6883
1	23.33091	0.55302	6898
1	23.67636	0.55450	6916
1	23.31420	0.55734	6931
1	23.66896	0.56018	6946
1	23.69649	0.56303	6964
1	23.35015	0.56451	6979
1	23.06090	0.56598	6997
1	22.91069	0.56746	7012
1	23.48321	0.57030	7030
1	23.10663	0.57315	7048
1	23.05166	0.57599	7063
1	23.46190	0.57599	7080
1	24.74752	0.57599	7098
1	24.30028	0.57599	7113
1	23.81113	0.57452	7130
1	22.97860	0.57304	7148
1	23.34259	0.57156	7163
1	25.02583	0.57009	7178
1	23.55962	0.56861	7196
1	23.41473	0.56713	7211
1	24.56762	0.56713	7226
1	24.04442	0.56713	7244
1	23.63560	0.56713	7259
1	23.30922	0.56565	7276
1	24.93655	0.56418	7294
1	24.58488	0.56270	7309
1	23.86336	0.56122	7324
1	22.79604	0.55975	7342
1	23.31799	0.55827	7357
1	23.26257	0.55335	7374
1	23.47338	0.54842	7392
1	23.49184	0.54350	7408
1	25.03710	0.54086	7423
1	23.46990	0.53823	7441
1	24.01871	0.53559	7456
1	23.60614	0.53147	7474
1	23.83526	0.52736	7491
1	13.07188	0.52325	7508
1	23.37281	0.52061	7526
1	23.04965	0.51797	7540
1	23.97020	0.51533	7555
1	24.82636	0.51397	7572
1	23.97877	0.51260	7589
1	25.03600	0.51123	7604
1	23.67334	0.51479	7622
1	24.11918	0.51834	7637
1	23.78842	0.52190	7655
1	24.86163	0.52190	7670
1	24.17014	0.52190	7688
1	24.54399	0.52190	7703
1	24.51278	0.51961	7718
1	24.58229	0.51733	7736
1	24.75776	0.51504	7751
1	24.52056	0.51916	7769
1	24.95395	0.52327	7784
1	24.95467	0.52738	7802
1	24.84779	0.53023	7817
1	24.47575	0.53307	7836
1	24.75461	0.53592	7851
1	24.91403	0.53876	7868
1	24.72680	0.54161	7884
1	25.32777	0.54445	7902
1	4.17796	0.54856	7917
1	24.38554	0.55268	7935
1	4.71320	0.55679	7950
1	24.65147	0.56319	7968
1	2.24039	0.56959	7982
1	25.92998	0.57599	8000
1	25.06540	0.57599	8015
1	24.73087	0.57599	8032
1	24.70148	0.57599	8047
1	26.12144	0.57599	8065
1	24.96893	0.57599	8080
1	25.69630	0.57599	8098
1	23.56549	0.57599	8113
1	25.58512	0.57599	8131
1	25.06016	0.57599	8146
1	25.02069	0.57599	8163
1	25.39114	0.57599	8178
1	23.97543	0.57599	8195
1	24.64907	0.57599	8213
1	25.23462	0.57599	8229
1	24.77489	0.57599	8247
1	22.71855	0.57315	8261
1	22.09452	0.57030	8278
1	22.78775	0.56746	8296
1	23.74132	0.56003	8311
1	24.06606	0.55260	8328
1	23.87367	0.54516	8345
1	23.46265	0.54369	8360
1	23.78780	0.54221	8378
1	23.37327	0.54073	8393
1	23.45219	0.54233	8411
1	23.48523	0.54393	8426
1	23.80038	0.54553	8444
1	23.36718	0.54142	8459
1	22.91976	0.53730	8474
1	23.45811	0.53319	8491
1	23.87130	0.53192	8509
1	23.78033	0.53065	8524
1	23.84167	0.52938	8543
1	23.19946	0.53270	8558
1	23.54895	0.53602	8573
1	23.12931	0.53933	8591
1	23.84628	0.53670	8606
1	23.78586	0.53406	8624
1	23.84362	0.53142	8639
1	23.84319	0.52571	8656
1	23.88141	0.51999	8674
1	2.66050	0.51428	8689
1	24.02118	0.51428	8706
1	24.04280	0.51428	8723
1	22.55850	0.51428	8738
1	23.62880	0.51428	8756
1	23.90544	0.51428	8771
1	24.07344	0.51428	8789
1	24.11590	0.51428	8804
1	24.45840	0.51428	8819
1	24.53011	0.51428	8837
1	24.10036	0.51428	8852
1	24.42478	0.51428	8870
1	24.36711	0.51428	8885
1	24.56898	0.51428	8903
1	24.44967	0.51428	8920
1	24.44261	0.51428	8935
1	24.62509	0.51428	8952
1	24.53007	0.51428	8969
1	24.44409	0.51428	8984
1	24.38228	0.51839	9003
1	23.02711	0.52251	9018
1	23.58413	0.52662	9035
1	23.80842	0.53074	9050
1	24.75347	0.53485	9068
1	24.21006	0.53896	9082
1	23.77042	0.54160	9100
1	24.37542	0.54424	9118
1	33.96186	0.54688	9133
0	33.96186	0.54951	9148
0	33.96186	0.55215	9166
0	33.96186	0.55479	9184
1	20.07708	0.55743	9199
0	20.07708	0.56006	9214
0	20.07708	0.56270	9232
0	20.07708	0.56122	9250
0	20.07708	0.55975	9265
0	20.07708	0.55827	9283
0	20.07708	0.55679	9299
0	20.07708	0.55532	9316
0	20.07708	0.55384	9331
0	20.07708	0.55384	9349
0	20.07708	0.55384	9364
0	20.07708	0.55384	9382
0	20.07708	0.55384	9398
0	20.07708	0.55384	9414
0	20.07708	0.55384	9432
0	20.07708	0.55384	9447
0	20.07708	0.55384	9465
0	20.07708	0.55384	9480
0	20.07708	0.55384	9495
0	20.07708	0.55384	9513
0	20.07708	0.55384	9528
0	20.07708	0.55384	9547
0	20.07708	0.55384	9562
0	20.07708	0.55384	9577
0	20.07708	0.55384	9595
0	20.07708	0.55384	9610
0	20.07708	0.55384	9628
0	20.07708	0.55384	9643
1	22.02091	0.55384	9661
1	22.69884	0.55384	9676
1	22.23810	0.55692	9691
1	22.86901	0.55999	9709
1	2.26216	0.56307	9724
1	22.09925	0.56043	9741
1	22.16991	0.55779	9756
1	21.95707	0.55516	9774
1	22.21712	0.55252	9789
1	22.80477	0.54988	9807
1	23.33215	0.54725	9822
1	22.71929	0.54461	9839
1	21.87385	0.54197	9855
1	21.72339	0.53933	9872
1	22.43494	0.53670	9890
1	22.97400	0.53406	9905
1	23.19839	0.53142	9923
1	23.44441	0.52571	9938
1	23.69106	0.51999	9956
1	23.49059	0.51428	9971
1	23.67265	0.51428	9988
1	24.00641	0.51428	10003
1	23.67231	0.51428	10021
1	23.62749	0.51428	10036
1	23.08917	0.51428	10054
1	22.86953	0.51428	10069
1	22.94212	0.51428	10086
1	23.70876	0.51428	10101
1	23.70541	0.51428	10119
1	24.08235	0.51428	10136
1	23.57344	0.51428	10151
1	23.66412	0.51428	10168
1	23.50777	0.51555	10183
1	23.84527	0.51682	10202
1	3.18201	0.51809	10217
1	23.16174	0.51936	10234
1	22.79923	0.52063	10251
1	23.54748	0.52190	10266
1	22.97128	0.52317	10281
1	23.65654	0.52444	10299
1	23.71212	0.52571	10314
1	22.56856	0.52982	10332
1	22.97276	0.53394	10347
1	22.55321	0.53805	10365
1	22.82629	0.54376	10380
1	22.61496	0.54948	10398
1	22.44667	0.55519	10413
1	22.22214	0.55392	10431
1	22.78093	0.55265	10448
1	23.62744	0.55138	10465
1	23.14854	0.55275	10480
1	22.83395	0.55412	10497
1	22.69834	0.55549	10512
1	22.63072	0.55685	10530
1	23.02429	0.55822	10547
1	23.80369	0.55959	10561
1	23.17744	0.55811	10578
1	22.92042	0.55663	10596
1	23.23417	0.55516	10611
1	22.97538	0.55208	10629
1	22.74422	0.54900	10644
1	22.14927	0.54593	10662
1	22.62040	0.54720	10677
1	22.84903	0.54847	10692
1	22.60730	0.54974	10709
1	23.12774	0.54974	10727
1	22.64264	0.54974	10742
1	23.20044	0.54974	10760
1	22.97592	0.54837	10775
1	23.34766	0.54700	10792
1	22.85975	0.54563	10807
1	24.06723	0.54427	10825
1	21.90570	0.54290	10843
1	23.31987	0.54153	10857
1	22.04035	0.53771	10875
1	23.46790	0.53389	10890
1	2.52715	0.53007	10907
1	23.59553	0.52652	10924
1	23.16412	0.52296	10939
1	23.04440	0.51941	10956
1	23.34554	0.51448	10974
1	22.61483	0.50956	10988
1	22.65101	0.50464	11005
1	22.73229	0.50337	11023
1	23.22459	0.50210	11039
1	23.28114	0.50083	11054
1	22.13445	0.49956	11072
1	23.49590	0.49829	11089
1	22.65080	0.49702	11105
1	22.84726	0.49591	11120
1	22.82035	0.49481	11137
1	22.35525	0.49371	11154
1	22.47715	0.49371	11169
1	22.68277	0.49371	11187
1	22.20804	0.49371	11202
1	22.10246	0.49481	11220
1	22.67986	0.49591	11235
1	23.41362	0.49702	11252
1	23.06267	0.49583	11270
1	22.52697	0.49465	11285
1	21.91346	0.49347	11303
1	23.58893	0.49229	11319
1	23.11578	0.49111	11335
1	23.69337	0.48992	11350
1	22.24064	0.49103	11368
1	23.29677	0.49213	11384
1	23.29734	0.49323	11399
1	22.37928	0.49434	11417
1	22.62822	0.49544	11432
1	23.51020	0.49654	11450
1	23.07857	0.49654	11465
1	23.70593	0.49654	11482
1	29.11419	0.49654	11499
1	23.59165	0.49654	11514
1	23.19840	0.49654	11532
1	2.28783	0.49654	11547
1	23.65390	0.49654	11565
1	23.30660	0.49654	11580
1	23.64738	0.49654	11598
1	23.92864	0.49654	11613
1	23.44958	0.49654	11631
1	23.92541	0.49654	11646
1	23.50909	0.49654	11662
1	24.41710	0.49654	11680
1	24.30147	0.49654	11695
1	24.27768	0.49654	11711
1	23.74354	0.49654	11730
1	23.76803	0.49654	11745
1	23.59915	0.50036	11762
1	22.29290	0.50418	11777
1	8.44835	0.50800	11794
0	8.44835	0.51182	11811
0	8.44835	0.51564	11829
0	8.44835	0.51946	11844
0	8.44835	0.52328	11862
0	8.44835	0.52710	11877
0	8.44835	0.53092	11892
0	8.44835	0.53474	11910
0	8.44835	0.53856	11925
0	8.44835	0.54238	11943
0	8.44835	0.54620	11960
0	8.44835	0.55002	11974
0	8.44835	0.55384	11992
0	8.44835	0.55384	12009
0	8.44835	0.55384	12024
0	8.44835	0.55384	12040
0	8.44835	0.55384	12058
0	8.44835	0.55384	12073
0	8.44835	0.55384	12091
0	8.44835	0.55384	12105
0	8.44835	0.55384	12123
0	8.44835	0.55384	12140
0	8.44835	0.55384	12155
0	8.44835	0.55384	12173
0	8.44835	0.55384	12188
0	8.44835	0.55384	12205
0	8.44835	0.55384	12220
0	8.44835	0.55384	12238
0	8.44835	0.55384	12253
0	8.44835	0.55384	12271
0	8.44835	0.55384	12286
0	8.44835	0.55384	12304
0	8.44835	0.55384	12319
0	8.44835	0.55384	12337
0	8.44835	0.55384	12352
0	8.44835	0.55384	12369
0	8.44835	0.55384	12387
0	8.44835	0.55384	12402
0	8.44835	0.55384	12419
0	8.44835	0.55384	12434
0	8.44835	0.55384	12452
0	8.44835	0.55384	12467
0	8.44835	0.55384	12485
0	8.44835	0.55384	12500
0	8.44835	0.55384	12518
0	8.44835	0.55384	12533
0	8.44835	0.55384	12551
0	8.44835	0.55384	12566
0	8.44835	0.55384	12584
0	8.44835	0.55384	12599
0	8.44835	0.55384	12617
0	8.44835	0.55384	12632
0	8.44835	0.55384	12649
0	8.44835	0.55384	12664
0	8.44835	0.55384	12682
0	8.44835	0.55384	12697
0	8.44835	0.55384	12715
0	8.44835	0.55384	12732
0	8.44835	0.55384	12747
0	8.44835	0.55384	12764
0	8.44835	0.55384	12782
0	8.44835	0.55384	12796
0	8.44835	0.55384	12814
0	8.44835	0.55384	12829
0	8.44835	0.55384	12847
0	8.44835	0.55384	12863
0	8.44835	0.55384	12880
0	8.44835	0.55384	12895
0	8.44835	0.55384	12913
0	8.44835	0.55384	12928
0	8.44835	0.55384	12943
0	8.44835	0.55384	12961
0	8.44835	0.55384	12976
0	8.44835	0.55384	12994
0	8.44835	0.55384	13009
0	8.44835	0.55384	13026
0	8.44835	0.55384	13044
0	8.44835	0.55384	13062
0	8.44835	0.55384	13079
0	8.44835	0.55384	13094
0	8.44835	0.55384	13111
0	8.44835	0.55384	13126
0	8.44835	0.55384	13144
0	8.44835	0.55384	13159
0	8.44835	0.55384	13177
1	17.33595	0.55384	13192
1	18.60878	0.55384	13207
1	18.21002	0.55384	13222
1	17.86885	0.55384	13240
1	18.46154	0.55384	13257
1	18.41789	0.55384	13272
1	19.64705	0.55384	13290
1	17.75455	0.55384	13305
1	17.96774	0.55384	13323
1	19.02331	0.55384	13338
1	19.31954	0.55384	13355
1	20.56309	0.55384	13370
1	18.46677	0.55384	13389
1	20.39298	0.55384	13404
1	19.47915	0.55384	13422
1	20.50944	0.55384	13437
1	17.85546	0.55384	13455
1	18.85405	0.55384	13470
1	18.78533	0.55384	13488
1	19.79569	0.55384	13503
1	19.44331	0.55384	13518
1	24.32488	0.55384	13536
1	20.44300	0.55384	13551
1	20.10006	0.55384	13569
1	20.85235	0.55384	13585
1	23.48552	0.55384	13600
1	26.99968	0.55384	13618
1	21.39920	0.55384	13633
1	21.27859	0.55384	13651
1	21.25932	0.55384	13666
1	20.61649	0.55384	13684
1	20.94700	0.55384	13701
1	21.17823	0.55384	13716
1	22.79140	0.55384	13734
1	20.26452	0.55384	13749
1	20.47638	0.55384	13767
1	21.67989	0.55384	13782
1	21.12327	0.55384	13800
1	22.22340	0.55384	13815
1	21.11986	0.55384	13830
1	20.91792	0.55384	13849
1	20.88900	0.55384	13863
1	23.14346	0.55384	13881
1	20.78259	0.55384	13897
1	20.28934	0.55384	13913
1	20.99481	0.55384	13931
1	23.02748	0.55384	13946
1	22.26683	0.55384	13963
1	22.54445	0.54601	13978
1	23.66509	0.53817	13996
1	23.69270	0.53034	14013
1	23.21321	0.52251	14028
1	23.48546	0.51468	14046
1	22.61849	0.50685	14061
1	23.83322	0.49901	14078
1	23.50364	0.49118	14093
1	24.68159	0.48335	14111
1	25.03573	0.47739	14126
1	24.97771	0.47144	14144
1	26.40197	0.46548	14161
1	26.61092	0.45953	14177
1	25.95938	0.45357	14194
1	27.53546	0.44762	14209
1	25.52932	0.44949	14224
1	25.88924	0.45137	14242
1	26.46012	0.45325	14260
1	26.66504	0.45512	14275
1	25.74007	0.45700	14293
1	25.41810	0.45888	14308
1	23.04083	0.46179	14326
1	23.26592	0.46470	14341
1	22.95722	0.46761	14358
1	25.53963	0.46761	14375
1	23.18077	0.46761	14393
1	22.96879	0.46761	14405
1	2.39929	0.46761	14423
1	26.17461	0.46761	14441
1	31.48315	0.46761	14459
1	22.89519	0.47219	14474
1	23.47800	0.47678	14489
1	24.59779	0.48137	14504
1	25.49977	0.48469	14522
1	26.30379	0.48801	14540
1	26.29584	0.49132	14555
1	25.81227	0.48932	14571
1	26.39359	0.48732	14588
1	25.39483	0.48532	14603
1	26.49520	0.48345	14621
1	26.00249	0.48157	14637
1	25.53500	0.47969	14653
1	22.39183	0.48565	14671
1	24.82670	0.49160	14686
1	24.22679	0.49756	14703
1	24.05349	0.49024	14718
1	23.86896	0.48292	14736
1	23.72120	0.47560	14753
1	24.38705	0.46593	14768
1	23.31445	0.45626	14783
1	24.03339	0.44659	14801
1	24.30842	0.44120	14816
1	23.63056	0.43582	14834
1	23.16435	0.43043	14849
1	23.63475	0.42596	14867
1	24.21134	0.42148	14882
1	23.74117	0.41701	14900
1	22.98051	0.40470	14917
1	23.46485	0.39239	14931
1	23.68631	0.38008	14948
1	22.88654	0.37646	14966
1	22.82769	0.37284	14981
1	21.97894	0.36922	14999
1	22.92700	0.36922	15014
1	23.26655	0.36922	15031
1	23.04298	0.36922	15046
1	24.23250	0.38301	15064
1	22.89824	0.39679	15079
1	22.67032	0.41058	15097
1	23.18292	0.42436	15112
1	23.23070	0.43815	15130
1	23.96947	0.45193	15145
1	2.33096	0.46572	15162
1	23.02539	0.47950	15179
1	5.81239	0.49329	15194
1	23.04827	0.50707	15212
1	23.65816	0.52085	15227
1	23.06754	0.53464	15244
1	23.10285	0.54842	15259
1	23.54955	0.56221	15277
1	32.84972	0.57599	15295
1	23.68301	0.57599	15312
1	23.36417	0.57599	15327
1	22.89046	0.57599	15342
1	22.98128	0.57599	15360
1	23.42771	0.57599	15374
1	23.38032	0.57599	15393
1	22.82882	0.57599	15408
1	22.73646	0.57599	15425
1	23.59236	0.57599	15440
1	21.54933	0.57759	15459
1	2.84789	0.57919	15474
1	5.69190	0.58079	15492
0	5.69190	0.58239	15507
0	5.69190	0.58399	15525
0	5.69190	0.58559	15540
0	5.69190	0.58719	15558
0	5.69190	0.58879	15573
0	5.69190	0.59039	15591
0	5.69190	0.59199	15606
0	5.69190	0.59359	15621
0	5.69190	0.59519	15639
0	5.69190	0.59679	15656
0	5.69190	0.59839	15671
0	5.69190	0.59999	15689
0	5.69190	0.59999	15704
0	5.69190	0.59999	15722
0	5.69190	0.59999	15737
0	5.69190	0.59999	15752
0	5.69190	0.59999	15770
0	5.69190	0.59999	15787
0	5.69190	0.59999	15801
0	5.69190	0.59999	15819
0	5.69190	0.59999	15834
0	5.69190	0.59999	15851
0	5.69190	0.59999	15869
0	5.69190	0.59999	15886
0	5.69190	0.59999	15901
0	5.69190	0.59999	15920
0	5.69190	0.59999	15935
0	5.69190	0.59999	15950
0	5.69190	0.59999	15968
0	5.69190	0.59999	15982
0	5.69190	0.59999	16001
0	5.69190	0.59999	16016
0	5.69190	0.59999	16032
0	5.69190	0.59999	16050
0	5.69190	0.59999	16065
0	5.69190	0.59999	16081
0	5.69190	0.59999	16099
0	5.69190	0.59999	16115
0	5.69190	0.59999	16132
0	5.69190	0.59999	16147
0	5.69190	0.59999	16165
0	5.69190	0.59999	16180
0	5.69190	0.59999	16198
0	5.69190	0.59999	16213
0	5.69190	0.59999	16231
0	5.69190	0.59999	16246
0	5.69190	0.59999	16261
0	5.69190	0.59999	16279
0	5.69190	0.59999	16294
0	5.69190	0.59999	16312
0	5.69190	0.59999	16327
0	5.69190	0.59999	16345
0	5.69190	0.59999	16361
0	5.69190	0.59999	16379
0	5.69190	0.59999	16394
0	5.69190	0.59999	16412
0	5.69190	0.59999	16427
0	5.69190	0.59999	16445
0	5.69190	0.59999	16459
0	5.69190	0.59999	16477
0	5.69190	0.59999	16492
0	5.69190	0.59999	16510
0	5.69190	0.59999	16525
0	5.69190	0.59999	16542
0	5.69190	0.59999	16560
0	5.69190	0.59999	16575
0	5.69190	0.59999	16590
0	5.69190	0.59999	16608
0	5.69190	0.59999	16623
0	5.69190	0.59999	16641
0	5.69190	0.59999	16656
0	5.69190	0.59999	16674
0	5.69190	0.59999	16689
0	5.69190	0.59999	16706
0	5.69190	0.59999	16724
0	5.69190	0.59999	16739
0	5.69190	0.59999	16757
0	5.69190	0.59999	16772
0	5.69190	0.59999	16789
0	5.69190	0.59999	16804
0	5.69190	0.59999	16822
0	5.69190	0.59999	16837
0	5.69190	0.59999	16855
0	5.69190	0.59999	16872
0	5.69190	0.59999	16886
0	5.69190	0.59999	16904
0	5.69190	0.59999	16919
0	5.69190	0.59999	16937
0	5.69190	0.59999	16954
0	5.69190	0.59999	16969
0	5.69190	0.59999	16984
0	5.69190	0.59999	17001
0	5.69190	0.59999	17019
0	5.69190	0.59999	17034
0	5.69190	0.59999	17051
0	5.69190	0.59999	17069
0	5.69190	0.59999	17086
0	5.69190	0.59999	17100
0	5.69190	0.59999	17118
0	5.69190	0.59999	17133
0	5.69190	0.59999	17150
0	5.69190	0.59999	17167
0	5.69190	0.59999	17182
0	5.69190	0.59999	17200
0	5.69190	0.59999	17217
0	5.69190	0.59999	17232
0	5.69190	0.59999	17249
0	5.69190	0.59999	17265
0	5.69190	0.59999	17282
0	5.69190	0.59999	17297
0	5.69190	0.59999	17315
0	5.69190	0.59999	17330
0	5.69190	0.59999	17348
0	5.69190	0.59999	17363
0	5.69190	0.59999	17380
0	5.69190	0.59999	17395
0	5.69190	0.59999	17413
0	5.69190	0.59999	17430
0	5.69190	0.59999	17445
0	5.69190	0.59999	17463
0	5.69190	0.59999	17478
0	5.69190	0.59999	17496
0	5.69190	0.59999	17511
0	5.69190	0.59999	17528
0	5.69190	0.59999	17543
0	5.69190	0.59999	17561
0	5.69190	0.59999	17576
0	5.69190	0.59999	17595
0	5.69190	0.59999	17610
0	5.69190	0.59999	17628
0	5.69190	0.59999	17643
0	5.69190	0.59999	17660
0	5.69190	0.59999	17677
0	5.69190	0.59999	17692
0	5.69190	0.59999	17709
0	5.69190	0.59999	17724
0	5.69190	0.59999	17742
0	5.69190	0.59999	17757
0	5.69190	0.59999	17775
0	5.69190	0.59999	17790
0	5.69190	0.59999	17808
0	5.69190	0.59999	17823
0	5.69190	0.59999	17841
0	5.69190	0.59999	17858
0	5.69190	0.59999	17873
0	5.69190	0.59999	17888
0	5.69190	0.59999	17906
0	5.69190	0.59999	17921
0	5.69190	0.59999	17939
0	5.69190	0.59999	17954
0	5.69190	0.59999	17972
0	5.69190	0.59999	17987
0	5.69190	0.59999	18005
0	5.69190	0.59999	18020
0	5.69190	0.59999	18036
0	5.69190	0.59999	18054
0	5.69190	0.59999	18069
0	5.69190	0.59999	18085
0	5.69190	0.59999	18103
0	5.69190	0.59999	18118
0	5.69190	0.59999	18136
0	5.69190	0.59999	18152
0	5.69190	0.59999	18170
0	5.69190	0.59999	18185
0	5.69190	0.59999	18203
0	5.69190	0.59999	18218
0	5.69190	0.59999	18236
0	5.69190	0.59999	18251
0	5.69190	0.59999	18269
0	5.69190	0.59999	18283
0	5.69190	0.59999	18301
0	5.69190	0.59999	18316
0	5.69190	0.59999	18333
0	5.69190	0.59999	18351
0	5.69190	0.59999	18364
0	5.69190	0.59999	18381
0	5.69190	0.59999	18399
0	5.69190	0.59999	18414
0	5.69190	0.59999	18432
0	5.69190	0.59999	18447
0	5.69190	0.59999	18465
0	5.69190	0.59999	18480
0	5.69190	0.59999	18497
0	5.69190	0.59999	18512
0	5.69190	0.59999	18530
0	5.69190	0.59999	18545
0	5.69190	0.59999	18563
0	5.69190	0.59999	18579
0	5.69190	0.59999	18597
0	5.69190	0.59999	18611
0	5.69190	0.59999	18629
0	5.69190	0.59999	18644
0	5.69190	0.59999	18662
0	5.69190	0.59999	18677
0	5.69190	0.59999	18695
0	5.69190	0.59999	18710
0	5.69190	0.59999	18729
0	5.69190	0.59999	18744
0	5.69190	0.59999	18759
0	5.69190	0.59999	18777
0	5.69190	0.59999	18794
0	5.69190	0.59999	18809
0	5.69190	0.59999	18827
0	5.69190	0.59999	18842
0	5.69190	0.59999	18860
0	5.69190	0.59999	18877
0	5.69190	0.59999	18891
0	5.69190	0.59999	18909
0	5.69190	0.59999	18924
0	5.69190	0.59999	18939
0	5.69190	0.59999	18957
0	5.69190	0.59999	18975
0	5.69190	0.59999	18990
0	5.69190	0.59999	19005
0	5.69190	0.59999	19022
0	5.69190	0.59999	19039
0	5.69190	0.59999	19057
0	5.69190	0.59999	19072
0	5.69190	0.59999	19089
0	5.69190	0.59999	19104
0	5.69190	0.59999	19121
0	5.69190	0.59999	19136
0	5.69190	0.59999	19154
0	5.69190	0.59999	19171
0	5.69190	0.59999	19186
0	5.69190	0.59999	19205
1	20.70987	0.59999	19223
1	24.70472	0.59999	19238
1	20.47330	0.59428	19253
1	20.39291	0.58856	19271
1	21.78773	0.58285	19289
1	23.19922	0.57714	19304
1	23.55017	0.57142	19319
1	22.14973	0.56571	19334
1	24.82817	0.55881	19351
1	24.19955	0.55191	19369
1	24.03706	0.54502	19384
1	24.91795	0.53930	19402
1	25.15631	0.53359	19417
1	24.67198	0.52787	19435
1	25.32323	0.52216	19450
1	24.67109	0.51645	19465
1	24.48922	0.51073	19482
1	24.56573	0.50845	19500
1	24.48894	0.50616	19515
1	22.69156	0.50387	19533
1	23.76448	0.50514	19547
1	23.39111	0.50641	19565
1	23.03823	0.50768	19580
1	23.48954	0.51298	19598
1	22.33550	0.51828	19614
1	22.66355	0.52357	19631
1	22.35361	0.52621	19646
1	22.68201	0.52885	19664
1	22.29095	0.53149	19679
1	22.89980	0.53412	19697
1	20.69351	0.53676	19712
1	20.24813	0.53940	19730
1	20.51634	0.54432	19744
1	22.41323	0.54924	19762
1	20.79365	0.55417	19777
1	20.55019	0.55061	19794
1	21.84934	0.54706	19812
1	21.86051	0.54350	19828
1	21.39544	0.53710	19843
1	20.46506	0.53070	19861
1	19.76830	0.52430	19876
1	21.35691	0.51938	19894
1	20.61099	0.51445	19912
1	20.97149	0.50953	19927
1	20.46255	0.50461	19945
1	19.66287	0.49969	19960
1	20.85438	0.49476	19975
1	19.45168	0.48984	19992
1	20.63457	0.48492	20007
0	20.63457	0.47999	20025
0	20.63457	0.47999	20040
0	20.63457	0.47999	20057
0	20.63457	0.47999	20074
0	20.63457	0.47999	20089
0	20.63457	0.47999	20107
0	20.63457	0.47999	20122
0	20.63457	0.48110	20140
0	20.63457	0.48220	20155
0	20.63457	0.48330	20172
0	20.63457	0.48441	20190
0	20.63457	0.48551	20205
0	20.63457	0.48661	20223
0	20.63457	0.48772	20241
0	20.63457	0.48882	20256
0	20.63457	0.48992	20274
0	20.63457	0.49103	20288
0	20.63457	0.49213	20306
0	20.63457	0.49323	20321
0	20.63457	0.49434	20338
0	20.63457	0.49544	20356
0	20.63457	0.49654	20371
0	20.63457	0.49654	20388
0	20.63457	0.49654	20403
0	20.63457	0.49654	20422
0	20.63457	0.49654	20437
0	20.63457	0.49654	20455
0	20.63457	0.49654	20470
0	20.63457	0.49654	20488
0	20.63457	0.49654	20503
0	20.63457	0.49654	20521
0	20.63457	0.49654	20536
0	20.63457	0.49654	20554
1	21.03169	0.49654	20569
1	20.60430	0.49900	20583
1	20.66463	0.50145	20601
1	20.80909	0.50390	20616
1	20.46384	0.50508	20634
1	20.71079	0.50627	20649
1	21.17848	0.50745	20664
1	20.50186	0.50990	20682
1	20.58343	0.51235	20697
1	20.22175	0.51480	20714
1	21.40675	0.51862	20732
1	20.10389	0.52244	20747
1	2.59079	0.52626	20765
1	20.34287	0.53008	20780
1	21.06099	0.53390	20797
1	20.57738	0.53772	20812
1	21.20267	0.53645	20830
1	21.17200	0.53518	20845
1	21.43352	0.53391	20863
1	20.63429	0.53518	20878
1	21.28647	0.53645	20896
1	20.96304	0.53772	20912
1	20.05882	0.53645	20927
1	19.95601	0.53518	20945
1	19.97353	0.53391	20960
1	20.81403	0.53127	20978
1	20.67295	0.52864	20995
1	20.25484	0.52600	21010
1	20.26753	0.52748	21028
1	21.30845	0.52895	21043
1	20.86072	0.53043	21061
1	21.06688	0.53455	21076
1	20.80222	0.53866	21093
1	20.11743	0.54277	21108
1	20.82849	0.54150	21125
1	20.86798	0.54023	21143
1	21.00066	0.53896	21158
1	20.28015	0.54160	21176
1	20.72803	0.54424	21191
1	20.32140	0.54688	21206
1	20.04439	0.54815	21224
1	20.64205	0.54942	21239
1	20.75883	0.55069	21257
1	20.07287	0.54429	21272
1	20.42711	0.53789	21289
1	19.91830	0.53149	21307
1	20.15667	0.52509	21322
1	20.94200	0.51869	21339
1	6.74644	0.51229	21354
1	20.25492	0.51110	21371
1	20.72922	0.50992	21387
1	20.24632	0.50874	21405
1	21.02887	0.50492	21420
1	21.15635	0.50110	21438
1	21.24471	0.49728	21453
1	20.76528	0.49865	21471
1	20.35102	0.50002	21486
1	21.35952	0.50138	21504
1	21.34014	0.50367	21519
1	20.57886	0.50595	21537
1	20.84590	0.50824	21552
1	20.68060	0.51053	21570
1	20.81773	0.51281	21585
1	20.75945	0.51510	21603
1	21.13688	0.51755	21618
1	20.75771	0.52000	21636
1	20.21827	0.52245	21650
1	20.64813	0.52491	21667
0	20.64813	0.52736	21685
0	20.64813	0.52981	21703
0	20.64813	0.52844	21718
0	20.64813	0.52707	21736
0	20.64813	0.52571	21753
0	20.64813	0.52698	21768
0	20.64813	0.52825	21785
0	20.64813	0.52952	21800
0	20.64813	0.53079	21818
0	20.64813	0.53206	21835
0	20.64813	0.53333	21850
0	20.64813	0.53333	21868
0	20.64813	0.53333	21883
0	20.64813	0.53333	21898
1	22.49248	0.53333	21916
1	22.75946	0.53333	21931
1	24.34289	0.53333	21946
1	23.19845	0.53333	21964
1	23.11308	0.53333	21979
1	24.05330	0.53333	21995
1	22.92824	0.53333	22013
1	24.25828	0.53333	22028
1	23.90621	0.53333	22046
1	24.03508	0.53469	22061
1	22.97109	0.53606	22079
1	3.50761	0.53743	22094
1	24.23603	0.53880	22112
1	23.51050	0.54016	22127
1	23.67976	0.54153	22145
1	24.68991	0.54290	22160
1	24.83411	0.54427	22177
1	24.86597	0.54563	22195
1	24.17405	0.54563	22210
1	24.21146	0.54563	22227
1	24.69628	0.54563	22242
1	3.89885	0.54563	22260
1	23.70530	0.54563	22275
1	23.06052	0.54563	22293
1	23.94465	0.54300	22308
1	23.19054	0.54036	22326
1	23.14354	0.53772	22340
1	25.02793	0.53635	22358
1	24.68661	0.53499	22373
1	23.60932	0.53362	22391
1	24.84764	0.53225	22406
1	23.99150	0.53088	22424
1	24.43870	0.52952	22439
1	23.74886	0.52952	22456
1	23.90619	0.52952	22473
1	23.52435	0.52952	22488
1	23.73221	0.52825	22505
1	24.35239	0.52698	22523
1	23.43504	0.52571	22538
1	23.51661	0.52698	22553
1	23.07111	0.52825	22571
1	23.12797	0.52952	22587
1	23.45750	0.52952	22605
1	22.54849	0.52952	22620
1	22.44080	0.52952	22638
1	22.88851	0.52825	22653
1	22.34948	0.52698	22671
1	22.51257	0.52571	22686
1	22.47182	0.52444	22703
1	22.09724	0.52317	22718
1	21.70123	0.52190	22736
1	21.81384	0.52317	22751
1	21.43463	0.52444	22769
1	22.17591	0.52571	22784
1	22.19749	0.52571	22802
1	22.20870	0.52571	22817
1	21.77920	0.52571	22835
1	21.69500	0.53015	22850
1	21.48918	0.53460	22868
1	21.61293	0.53904	22883
1	22.01919	0.54315	22901
1	22.13196	0.54727	22916
1	21.40919	0.55138	22934
1	21.68527	0.55710	22948
1	22.04231	0.56281	22966
1	21.99674	0.56853	22981
1	22.44964	0.57137	22999
1	22.12026	0.57421	23014
1	21.74539	0.57706	23032
1	21.57138	0.57990	23047
1	21.70092	0.58275	23065
1	21.85880	0.58559	23080
1	21.90791	0.58399	23095
1	21.64751	0.58239	23114
1	21.84286	0.58079	23129
1	21.85161	0.58079	23147
1	21.90937	0.58079	23164
1	22.11835	0.58079	23179
1	22.56511	0.57919	23194
1	22.80851	0.57759	23212
1	22.82534	0.57599	23227
1	21.60444	0.55236	23245
1	22.43056	0.52873	23261
1	22.60812	0.50510	23279
1	22.84393	0.50510	23293
1	22.87365	0.50510	23312
1	21.93612	0.50510	23326
1	21.98988	0.50510	23344
1	23.05257	0.50510	23359
1	23.16316	0.50510	23377
1	22.65936	0.50226	23392
1	23.25436	0.49941	23410
1	22.64771	0.49657	23425
1	22.57586	0.49657	23443
1	22.79621	0.49657	23458
1	22.99185	0.49657	23476
1	22.84057	0.51735	23491
1	22.56825	0.53814	23506
1	22.43161	0.55893	23524
1	22.38761	0.55893	23539
1	24.03069	0.55893	23557
1	24.13892	0.55893	23572
1	23.03602	0.55745	23590
1	23.11268	0.55597	23605
1	22.68219	0.55450	23623
1	22.99450	0.55734	23638
1	22.94276	0.56018	23654
1	22.96541	0.56303	23672
1	23.01613	0.56303	23687
1	23.77731	0.56303	23705
1	23.95387	0.56303	23720
1	22.64897	0.56440	23738
1	23.17970	0.56576	23753
1	22.35736	0.56713	23771
1	21.58205	0.56713	23786
1	22.60123	0.56713	23804
1	22.70243	0.56713	23820
1	22.99951	0.56713	23835
1	21.80904	0.56713	23853
1	21.75192	0.56713	23868
1	21.96316	0.56873	23886
1	22.23588	0.57033	23901
1	21.84069	0.57193	23918
1	21.78384	0.57353	23936
1	21.70282	0.57513	23950
1	21.94581	0.57673	23968
1	21.71534	0.57981	23983
1	22.05867	0.58289	24001
1	21.57952	0.58596	24016
1	21.80849	0.58756	24034
1	21.78200	0.58916	24049
1	22.19362	0.59076	24067
1	21.78155	0.59384	24082
1	21.92873	0.59692	24100
1	21.61104	0.59999	24115
1	21.93279	0.59999	24133
1	22.12389	0.59999	24148
1	21.41713	0.59999	24166
1	21.58966	0.59999	24181
1	21.63376	0.59999	24196
1	21.86747	0.59999	24214
1	22.78333	0.59999	24231
1	22.58307	0.59999	24246
1	23.41467	0.59999	24263
1	21.75088	0.59999	24278
1	21.63704	0.59999	24296
1	22.76005	0.59999	24314
1	23.31659	0.59999	24329
1	22.23833	0.59999	24347
1	22.45542	0.59999	24362
1	22.52491	0.59999	24380
1	23.53539	0.59999	24395
1	3.03168	0.59999	24413
1	22.34206	0.59999	24428
1	21.92444	0.59999	24443
1	22.14837	0.59999	24461
1	22.31914	0.59999	24476
1	22.20429	0.59999	24494
1	22.52737	0.59999	24509
1	22.07599	0.59428	24527
1	19.15872	0.58856	24545
1	3.33741	0.58285	24560
0	3.33741	0.57714	24575
0	3.33741	0.57142	24593
0	3.33741	0.56571	24610
0	3.33741	0.55999	24628
0	3.33741	0.55428	24643
0	3.33741	0.54856	24658
0	3.33741	0.54285	24675
0	3.33741	0.53714	24693
0	3.33741	0.53142	24708
0	3.33741	0.52571	24726
0	3.33741	0.51999	24741
0	3.33741	0.51428	24759
0	3.33741	0.51428	24776
0	3.33741	0.51428	24791
0	3.33741	0.51428	24806
0	3.33741	0.51428	24824
1	21.72706	0.51428	24839
1	30.86406	0.51428	24854
1	21.47416	0.51692	24872
1	21.75812	0.51955	24887
1	21.93297	0.52219	24905
1	21.80107	0.52346	24920
1	21.20875	0.52473	24938
1	21.87612	0.52600	24953
1	21.55257	0.53011	24971
1	21.49514	0.53423	24985
1	2.62811	0.53834	25003
1	21.82422	0.54246	25018
1	21.88572	0.54657	25036
1	22.16571	0.55069	25054
1	20.57970	0.55196	25069
1	22.67727	0.55323	25084
1	22.75014	0.55450	25102
1	22.77168	0.55597	25119
1	22.76228	0.55745	25134
1	22.74615	0.55893	25149
1	23.10454	0.56177	25167
1	22.71592	0.56461	25182
1	23.13309	0.56746	25200
1	23.15302	0.56335	25215
1	22.44182	0.55923	25233
1	22.99014	0.55512	25250
1	22.59258	0.54872	25265
1	22.17294	0.54232	25282
1	22.53991	0.53592	25299
1	23.64565	0.53236	25314
1	22.53065	0.52881	25332
1	22.56257	0.52525	25347
1	21.57690	0.52525	25364
1	23.35318	0.52525	25382
1	22.58816	0.52525	25397
1	22.09931	0.52525	25414
1	22.38275	0.52525	25429
1	22.05457	0.52525	25447
1	21.50393	0.52789	25462
1	21.86431	0.53052	25480
1	21.78069	0.53316	25495
1	21.52125	0.53956	25511
1	21.52880	0.54596	25529
0	21.52880	0.55236	25544
0	21.52880	0.55876	25562
0	21.52880	0.56516	25577
0	21.52880	0.57156	25596
0	21.52880	0.57156	25611
0	21.52880	0.57156	25629
0	21.52880	0.57156	25644
0	21.52880	0.57156	25659
0	21.52880	0.57156	25677
0	21.52880	0.57156	25692
1	21.63020	0.57156	25710
1	21.21980	0.57156	25727
1	21.20854	0.57156	25741
1	21.87258	0.57008	25759
1	20.76141	0.56861	25774
1	20.84573	0.56713	25791
1	21.75406	0.56302	25806
1	22.13845	0.55890	25823
1	3.75642	0.55479	25840
1	21.82308	0.55194	25855
1	22.07378	0.54910	25873
1	22.02293	0.54625	25891
1	21.31433	0.54478	25905
1	21.34815	0.54330	25923
1	22.82986	0.54182	25938
1	22.58829	0.54046	25956
1	22.37861	0.53909	25971
1	22.45505	0.53772	25989
1	23.08435	0.53635	26004
1	22.07078	0.53499	26022
1	22.65360	0.53362	26037
1	21.94731	0.53362	26055
1	22.64116	0.53362	26070
1	22.10469	0.53362	26086
1	22.05841	0.53499	26104
1	23.49922	0.53635	26119
1	22.39820	0.53772	26137
1	23.19230	0.53772	26151
1	23.66882	0.53772	26168
1	24.10917	0.53772	26186
1	22.98832	0.53909	26200
1	23.72348	0.54046	26217
1	23.78128	0.54182	26235
1	24.08592	0.54319	26250
1	23.23034	0.54456	26269
1	23.70528	0.54593	26285
1	23.19582	0.54364	26299
1	22.95217	0.54135	26317
1	23.36021	0.53907	26334
1	23.41267	0.53038	26349
1	23.48269	0.52169	26368
1	24.01029	0.51301	26383
1	23.99933	0.51037	26397
1	23.89508	0.50773	26414
1	23.70113	0.50509	26432
1	23.93608	0.49641	26447
1	24.90854	0.48772	26465
1	24.38917	0.47903	26480
1	24.01031	0.47120	26498
1	23.96065	0.46337	26513
1	24.04473	0.45553	26530
1	23.95262	0.45262	26547
1	23.58952	0.44972	26562
1	23.60845	0.44681	26580
1	23.76242	0.44766	26595
1	23.40763	0.44852	26613
1	23.49805	0.44937	26628
1	23.62513	0.44418	26646
1	24.06454	0.43898	26661
1	24.04231	0.43379	26678
1	23.47813	0.43464	26696
1	23.89371	0.43550	26711
1	24.13838	0.43636	26729
1	23.62942	0.43636	26744
1	23.01546	0.43636	26761
1	23.31916	0.43636	26776
1	22.89339	0.43636	26794
1	22.54325	0.43636	26809
1	22.75677	0.43636	26827
1	23.51616	0.44419	26842
1	22.32212	0.45202	26860
1	22.39548	0.45985	26874
1	22.71644	0.46768	26892
1	22.48646	0.47552	26907
1	23.26906	0.48335	26925
1	22.37255	0.49266	26940
1	22.94513	0.50197	26957
1	22.36861	0.51128	26975
1	22.64049	0.51911	26990
1	22.67676	0.52694	27008
1	22.70782	0.53477	27023
1	22.57330	0.54260	27041
1	22.69280	0.55044	27055
1	22.90750	0.55827	27073
1	23.08080	0.55975	27088
1	22.00470	0.56122	27106
1	22.76233	0.56270	27123
1	22.77884	0.56270	27138
1	22.32786	0.56270	27155
1	22.54939	0.56270	27170
1	23.00103	0.56604	27188
1	25.32144	0.56938	27206
0	25.32144	0.57272	27221
0	25.32144	0.57753	27239
0	25.32144	0.58235	27254
0	25.32144	0.58717	27272
0	25.32144	0.59198	27287
0	25.32144	0.59680	27305
0	25.32144	0.60161	27320
0	25.32144	0.60495	27337
0	25.32144	0.60829	27355
0	25.32144	0.61163	27370
0	25.32144	0.61645	27385
0	25.32144	0.62126	27403
0	25.32144	0.62608	27418
0	25.32144	0.62608	27436
0	25.32144	0.62608	27451
0	25.32144	0.62608	27469
1	23.94153	0.62608	27484
1	23.86467	0.62608	27499
1	23.62591	0.62608	27516
1	22.75651	0.62274	27531
1	23.78176	0.61940	27548
1	3.07976	0.61606	27566
1	23.27464	0.61125	27581
1	24.09354	0.60643	27599
1	23.40676	0.60161	27616
1	23.95082	0.59680	27631
1	23.23232	0.59198	27649
1	23.29893	0.58717	27663
1	22.85363	0.58235	27681
1	22.97923	0.57753	27696
1	23.37979	0.57272	27714
1	23.69898	0.57098	27729
1	22.78381	0.56924	27746
1	24.05784	0.56750	27761
1	23.14959	0.56750	27778
1	24.16343	0.56750	27794
1	23.77031	0.56750	27811
1	23.15720	0.56154	27829
1	23.47872	0.55559	27844
1	24.57957	0.54963	27862
1	24.43502	0.55271	27877
1	24.22687	0.55579	27894
1	23.88768	0.55886	27909
1	23.43157	0.55750	27927
1	23.73255	0.55613	27942
1	23.93918	0.55476	27959
1	25.10878	0.54905	27977
1	23.72453	0.54333	27992
1	24.87117	0.53762	28009
1	24.23174	0.53350	28024
1	24.38406	0.52939	28041
1	24.48149	0.52528	28059
1	24.89078	0.52859	28074
1	24.06646	0.53191	28092
1	24.42778	0.53523	28108
1	25.04216	0.52833	28122
1	24.88393	0.52144	28140
1	24.64069	0.51454	28157
1	24.04678	0.51209	28172
1	24.70564	0.50964	28190
1	24.64543	0.50718	28205
1	23.99279	0.50718	28223
1	25.05120	0.50718	28238
1	25.04686	0.50718	28255
1	25.31362	0.50718	28270
1	24.60515	0.50718	28288
1	24.87531	0.50718	28303
1	25.21978	0.50718	28321
1	24.75836	0.50718	28339
1	24.68534	0.50718	28356
1	25.24314	0.50964	28371
1	24.01340	0.51209	28386
1	23.86696	0.51454	28404
1	25.05382	0.51699	28419
1	24.40467	0.51944	28437
1	24.56301	0.52190	28451
1	24.22526	0.52190	28469
1	25.00944	0.52190	28484
1	2.63672	0.52190	28501
1	24.74745	0.52317	28519
1	23.78190	0.52444	28534
0	23.78190	0.52571	28550
0	23.78190	0.52698	28571
0	23.78190	0.52825	28586
0	23.78190	0.52952	28601
0	23.78190	0.52952	28619
0	23.78190	0.52952	28634
0	23.78190	0.52952	28652
0	23.78190	0.52952	28667
0	23.78190	0.52952	28685
0	23.78190	0.52952	28700
1	23.46410	0.53079	28716
1	22.66072	0.53206	28731
1	21.25495	0.53333	28749
1	21.31957	0.53333	28764
1	21.22804	0.53333	28782
1	21.20710	0.53333	28797
1	21.71587	0.53333	28814
1	20.77508	0.53333	28829
1	20.89295	0.53333	28848
1	20.78222	0.53333	28862
1	22.50968	0.53333	28879
1	23.13279	0.53333	28897
1	21.28551	0.53333	28911
1	20.46657	0.53333	28929
1	2.04035	0.53333	28944
1	21.13039	0.53333	28962
1	21.86621	0.53333	28980
1	23.44909	0.53333	28995
1	21.03388	0.53333	29010
1	21.08938	0.53333	29028
1	20.77516	0.53333	29043
1	21.36297	0.53333	29061
1	20.85376	0.53333	29076
1	20.77231	0.53333	29094
1	20.65504	0.53333	29109
1	21.99232	0.53333	29127
1	24.54176	0.53333	29142
1	21.24258	0.53333	29159
1	20.48259	0.53333	29174
1	19.92219	0.53333	29192
1	22.01748	0.53333	29209
1	21.13965	0.53333	29224
1	20.75695	0.53333	29241
1	20.58080	0.53333	29256
1	21.19873	0.53333	29274
1	21.49132	0.53333	29289
1	22.05498	0.53333	29307
1	20.30840	0.53333	29322
1	20.62453	0.53333	29340
1	21.23047	0.53333	29355
1	21.30688	0.53333	29373
1	21.59750	0.53333	29389
1	21.65412	0.53333	29406
1	21.82594	0.53333	29421
1	21.06101	0.53333	29439
1	22.23691	0.53333	29454
1	21.18309	0.53333	29472
1	21.16127	0.53333	29489
1	22.16864	0.53333	29504
1	22.77307	0.53333	29522
1	23.29127	0.53333	29537
1	21.78587	0.53333	29552
1	21.66477	0.53333	29570
1	20.46947	0.53333	29586
1	22.72663	0.53333	29601
1	22.46680	0.53333	29618
1	22.26794	0.53333	29636
1	23.70515	0.53333	29651
1	22.38893	0.53333	29668
1	22.27518	0.53333	29683
1	22.56396	0.53333	29701
1	22.78378	0.53333	29716
1	22.29757	0.53333	29734
1	23.88894	0.53333	29751
1	21.91178	0.53333	29766
1	9.23738	0.53333	29784
1	24.88109	0.53333	29799
1	22.11210	0.53333	29814
1	23.29661	0.53333	29832
1	22.31090	0.53333	29851
1	23.09632	0.53333	29866
1	22.82350	0.53333	29881
1	26.22081	0.53333	29898
1	22.68631	0.53333	29916
1	22.72612	0.53333	29931
1	22.79742	0.53333	29949
1	24.55136	0.53333	29963
1	25.49153	0.53333	29981
1	24.18917	0.53333	29998
1	24.05689	0.53333	30013
1	24.33874	0.53333	30031
1	23.59145	0.53333	30046
1	25.09867	0.53333	30064
1	25.30707	0.53333	30079
1	24.17378	0.53333	30094
1	24.67675	0.53333	30111
1	24.42917	0.53333	30129
1	25.49733	0.53333	30144
1	24.64348	0.53333	30162
1	24.98192	0.53333	30177
1	24.96753	0.53333	30195
1	24.57769	0.53333	30210
1	24.38177	0.53333	30228
1	25.00352	0.53333	30242
1	24.92802	0.53333	30260
1	24.96317	0.53333	30275
1	27.32099	0.53333	30292
1	24.91585	0.53333	30310
1	26.14321	0.53333	30325
1	29.37251	0.53206	30342
1	29.26398	0.53079	30357
