1	31.16049	1.59999	69
1	32.51782	1.59999	85
1	32.52379	1.59999	101
1	33.13993	1.59999	118
1	32.85646	1.59999	133
1	33.06225	1.59999	152
1	32.23630	1.59999	166
1	32.90855	1.59999	181
1	32.96922	1.59999	200
1	32.97106	1.59999	214
1	33.07943	1.59999	232
1	33.13524	1.59999	250
1	33.23760	1.59999	264
1	32.66262	1.59999	282
1	32.75301	1.59999	298
1	32.70253	1.59999	315
1	33.01622	1.59999	330
1	32.79249	1.59999	350
1	32.63711	1.59999	363
1	32.52062	1.52333	378
1	32.72241	1.44666	397
1	32.68708	1.36999	413
1	32.01878	1.29429	428
1	32.52703	1.21859	447
1	33.01668	1.14290	461
1	33.01607	1.06720	479
1	33.41889	0.99150	495
1	33.32220	0.91580	512
1	32.25942	0.84010	527
1	33.43328	0.76440	547
1	33.65117	0.68870	559
1	32.83765	0.61300	578
1	32.93289	0.53730	597
1	32.73629	0.46160	608
1	31.59566	0.46257	625
1	30.63420	0.46354	640
1	29.89851	0.46451	657
1	29.80609	0.46451	672
1	15.15187	0.46451	690
1	7.17576	0.46451	708
0	7.17576	0.46451	723
0	7.17576	0.46451	738
0	7.17576	0.46451	759
0	7.17576	0.46451	774
0	7.17576	0.46451	791
0	7.17576	0.46451	806
0	7.17576	0.46451	823
0	7.17576	0.46451	840
0	7.17576	0.46451	855
0	7.17576	0.46451	874
0	7.17576	0.46451	888
1	24.54492	0.46451	906
1	26.22662	0.46451	921
1	27.78572	0.46451	936
1	29.00106	0.46451	954
1	28.63740	0.46451	969
1	27.98597	0.46451	987
1	27.56573	0.46451	1002
1	27.87916	0.46451	1017
1	26.96500	0.46451	1035
1	27.17986	0.46451	1051
1	27.52641	0.46451	1069
1	27.87304	0.46451	1084
1	28.57586	0.46451	1102
1	28.66631	0.46097	1117
1	29.18161	0.45743	1135
1	28.64647	0.45389	1153
1	29.08134	0.44959	1167
1	29.77285	0.44529	1184
1	29.99422	0.44099	1199
1	29.20243	0.43825	1216
1	29.13285	0.43552	1231
1	29.34453	0.43279	1249
1	29.18979	0.43006	1264
1	28.61210	0.42733	1282
1	29.30984	0.42459	1300
1	29.45788	0.42029	1315
1	28.55853	0.41599	1331
1	28.37507	0.41169	1348
1	28.05635	0.41021	1363
1	28.84708	0.40872	1381
1	29.15758	0.40724	1396
1	27.81620	0.40724	1414
1	29.05623	0.40724	1429
1	28.99213	0.40724	1447
1	27.65045	0.40567	1462
1	28.09913	0.40410	1479
1	27.54000	0.40254	1494
1	28.05333	0.40097	1511
1	27.67886	0.39940	1529
1	27.59664	0.39783	1544
1	27.32092	0.39783	1561
1	27.97639	0.39783	1576
1	28.18065	0.39783	1593
1	28.46287	0.39855	1610
1	26.94850	0.39927	1625
1	24.21171	0.39999	1642
1	26.88975	0.39999	1661
1	26.58111	0.39999	1678
1	23.78708	0.39999	1691
1	26.23596	0.61333	1709
1	26.39998	0.82666	1725
1	25.79304	1.03999	1741
1	23.20697	1.25333	1758
1	26.62043	1.46666	1776
1	26.43378	1.67999	1791
1	23.39991	1.89333	1806
1	25.90363	2.10666	1824
1	23.31844	2.31999	1839
1	26.15017	2.53333	1857
1	23.57539	2.74666	1872
1	22.88421	2.95999	1888
1	27.67455	3.17333	1907
1	26.66796	3.38666	1922
1	26.83266	3.59999	1939
1	23.84732	3.38666	1957
1	26.75891	3.17333	1971
1	26.68371	2.95999	1989
1	26.63194	2.74666	2004
1	26.80110	2.53333	2022
1	27.33995	2.31999	2037
1	26.37473	2.10666	2055
1	27.26684	1.89333	2069
1	28.00561	1.67999	2087
1	27.60773	1.46666	2102
1	28.37453	1.25333	2120
1	29.00508	1.03999	2135
1	28.68967	0.82666	2153
1	29.03057	0.61333	2168
1	24.93421	0.39999	2188
1	28.92113	0.39999	2201
1	28.69071	0.39999	2218
1	27.95483	0.39999	2236
1	28.72162	0.39999	2251
1	28.53807	0.39999	2268
1	28.21160	0.39999	2283
1	28.43487	0.39999	2300
1	24.69719	0.39999	2315
1	24.68279	0.39999	2333
1	28.28920	0.39999	2348
1	28.27831	0.39999	2366
1	28.25091	0.39999	2381
1	24.82873	0.39999	2398
1	28.38483	0.39999	2415
1	29.19308	0.39999	2430
1	27.74864	0.39999	2448
1	28.02135	0.39999	2463
1	27.73834	0.39999	2481
1	27.73133	0.39999	2496
1	24.65748	0.39999	2513
1	24.26247	0.39999	2531
1	28.18146	0.39999	2547
1	27.72220	0.39999	2565
1	27.74795	0.39999	2580
1	27.58789	0.39999	2595
1	27.95665	0.39999	2613
1	27.63017	0.39999	2628
1	26.69228	0.39999	2645
1	24.05325	0.39999	2663
1	24.02797	0.39999	2677
1	27.37741	0.39999	2695
1	24.20273	0.39999	2710
1	27.59642	0.39999	2727
1	26.69199	0.39999	2745
1	23.86261	0.39999	2760
1	23.76471	0.39999	2777
1	23.65976	0.39999	2792
1	27.22174	0.39999	2810
1	27.23223	0.39999	2825
1	27.16712	0.39999	2843
1	26.89846	0.39999	2858
1	27.08183	0.39999	2876
1	23.42913	0.39999	2891
1	26.71754	0.39999	2909
1	27.18483	0.39999	2924
1	28.50094	0.46933	2942
1	24.16295	0.53866	2957
1	26.99678	0.60799	2975
1	23.53847	0.67733	2990
1	27.24700	0.74666	3008
1	27.80038	0.81599	3023
1	23.45682	0.88533	3038
1	27.45930	0.95466	3055
1	27.49149	1.02399	3073
1	26.72027	1.09333	3088
1	26.79111	1.16266	3105
1	27.20708	1.23199	3120
1	23.47901	1.30133	3138
1	27.29702	1.37066	3154
1	28.29185	1.43999	3172
1	27.60647	1.43999	3186
1	27.56973	1.43999	3204
1	27.41812	1.43999	3219
1	28.27687	1.43999	3237
1	27.47379	1.43999	3254
1	27.93492	1.43999	3272
1	24.19106	1.43999	3285
1	27.66121	1.43999	3303
1	27.51056	1.43999	3318
1	27.52986	1.43999	3336
1	28.72216	1.43999	3351
1	29.11768	1.43999	3369
1	29.01838	1.43999	3384
1	28.77414	1.43999	3402
1	28.79594	1.43999	3417
1	29.08982	1.43999	3433
1	24.89682	1.43999	3451
1	24.97271	1.43999	3466
1	28.82849	1.43999	3484
1	28.97732	1.43999	3499
1	29.27127	1.43999	3517
1	29.39817	1.43999	3531
1	29.72363	1.43999	3549
1	30.18676	1.43999	3564
1	29.29712	1.43999	3582
1	29.35477	1.43999	3597
1	29.61070	1.43999	3615
1	29.47759	1.43999	3630
1	29.56939	1.43999	3648
1	29.84941	1.43999	3663
1	30.00821	1.43999	3681
1	29.75123	1.43999	3696
1	29.46320	1.43999	3714
1	30.08567	1.43999	3729
1	29.32732	1.43999	3747
1	29.65065	1.43999	3762
1	29.48669	1.43999	3777
1	29.67800	1.43999	3794
1	30.01088	1.43999	3812
1	29.17089	1.43999	3828
1	30.12135	1.43999	3845
1	29.59055	1.43999	3860
1	29.92317	1.43999	3878
1	29.44892	1.43999	3895
1	29.01741	1.43999	3910
1	28.95768	1.43999	3925
1	29.90206	1.43999	3943
1	29.12409	1.43999	3958
1	28.86236	1.37223	3976
1	29.85802	1.30446	3991
1	29.97187	1.23670	4009
1	30.08094	1.16893	4025
1	30.58458	1.10117	4043
1	29.36153	1.03340	4058
1	29.10470	0.96564	4075
1	29.92332	0.89787	4091
1	25.17890	0.83011	4109
1	29.01058	0.76235	4124
1	29.07048	0.69458	4142
1	29.87917	0.62682	4157
1	28.12968	0.55905	4174
1	27.98331	0.49129	4192
1	28.46214	0.42352	4206
1	28.93377	0.42271	4223
1	29.15372	0.42191	4238
1	28.57215	0.42110	4256
1	28.98103	0.41813	4270
1	28.60354	0.41516	4288
1	28.36447	0.41218	4305
1	28.59171	0.40921	4320
1	29.11436	0.40624	4338
1	28.77071	0.40327	4353
1	28.65055	0.40030	4372
1	28.75872	0.39732	4386
1	28.79739	0.39435	4404
1	29.35458	0.39138	4419
1	29.46093	0.38841	4436
1	28.41776	0.38544	4451
1	28.19500	0.38327	4469
1	29.40128	0.38110	4484
1	29.18360	0.37894	4502
1	28.93278	0.37894	4517
1	28.82458	0.37894	4534
1	29.22239	0.37894	4551
1	29.50728	0.37894	4566
1	28.09982	0.37894	4585
1	29.03247	0.37894	4601
1	28.33768	0.37894	4616
1	29.34812	0.37894	4634
1	28.94684	0.37894	4648
1	29.36597	0.38034	4666
1	28.87152	0.38175	4681
1	29.00370	0.38315	4698
1	28.37714	0.38455	4715
1	29.01753	0.38596	4733
1	29.31502	0.38736	4748
1	28.18809	0.38876	4763
1	27.96418	0.39017	4781
1	29.18768	0.39157	4796
1	28.98658	0.39297	4814
1	28.18366	0.39438	4829
1	27.91870	0.39578	4846
1	27.64977	0.39718	4864
1	27.98959	0.39859	4879
1	28.80628	0.39999	4897
1	28.13319	0.39999	4912
1	24.33459	0.39999	4927
1	24.19336	0.39999	4945
1	27.34536	0.39999	4962
1	27.75718	0.39999	4977
1	27.49523	0.39999	4995
1	27.16789	0.39999	5010
1	26.95828	0.39999	5028
1	27.64160	0.39999	5045
1	27.24691	0.40333	5059
1	26.98001	0.40666	5077
1	27.58920	0.40999	5094
1	26.95754	0.41888	5108
1	26.88638	0.42777	5126
1	27.31452	0.43666	5141
1	25.94365	0.43594	5159
1	25.78563	0.43522	5174
1	23.65890	0.43450	5192
1	26.88321	0.43783	5207
1	26.95214	0.44116	5224
1	27.53392	0.44450	5242
1	26.57702	0.44783	5257
1	28.03193	0.45116	5274
1	27.69096	0.45450	5291
1	26.84587	0.45450	5308
1	26.72167	0.45450	5322
1	27.91333	0.45450	5340
1	26.31908	0.44894	5355
1	25.66588	0.44339	5373
1	23.78678	0.43783	5388
1	26.92684	0.44188	5406
1	26.95848	0.44594	5421
1	27.56029	0.44999	5439
1	23.14462	0.44999	5454
1	26.83594	0.44999	5472
1	26.57423	0.44999	5487
1	26.92903	0.44999	5502
1	26.72273	0.44999	5520
1	26.22135	0.44999	5537
1	26.82426	0.44999	5552
1	23.69296	0.44999	5570
1	27.25358	0.44999	5585
1	26.38153	0.44999	5603
1	27.23228	0.44999	5618
1	28.07105	0.44999	5636
1	22.97706	0.44999	5652
1	27.81973	0.44999	5669
1	27.41610	0.44999	5684
1	27.29920	0.44999	5702
1	26.97176	0.44999	5717
1	6.70866	0.44999	5735
1	24.20662	0.44999	5750
1	23.57614	0.44999	5768
1	23.82700	0.44999	5783
1	27.12731	0.44999	5800
1	27.05278	0.44999	5815
1	27.04990	0.44999	5833
1	27.01614	0.44999	5848
1	26.06008	0.44999	5865
1	26.68964	0.44999	5880
1	23.11232	0.44999	5898
1	26.47991	0.44999	5913
1	26.35983	0.44999	5931
1	26.50377	0.44999	5946
1	26.65189	0.44999	5963
1	23.57578	0.44999	5981
1	26.85944	0.44999	5995
1	23.13599	0.44999	6014
1	23.33914	0.44999	6029
1	26.14841	0.44999	6044
1	27.20817	0.44999	6063
1	27.11454	0.44999	6078
1	27.21218	0.48856	6096
1	27.78905	0.52713	6113
1	27.27753	0.56571	6128
1	27.73192	0.60428	6143
1	27.26105	0.64285	6161
1	27.77310	0.68142	6178
1	27.08885	0.71999	6192
1	27.81472	0.75856	6210
1	27.89587	0.79713	6225
1	26.92843	0.83571	6243
1	27.68778	0.87428	6258
1	27.25308	0.91285	6276
1	27.87824	0.95142	6291
1	28.45980	0.98999	6309
1	28.03152	1.02856	6324
1	24.40384	1.02856	6342
1	27.95746	1.02856	6357
1	28.26846	1.02856	6375
1	24.79516	1.02856	6390
1	24.62711	1.02856	6408
1	24.59824	1.02856	6425
1	28.03752	1.02856	6440
1	24.82319	1.02856	6458
1	25.50366	1.02856	6475
1	28.60941	1.02856	6489
1	28.17727	1.02856	6507
1	28.49525	1.02856	6521
1	27.25456	1.02856	6538
1	28.35956	1.02856	6556
1	28.61954	1.02856	6570
1	28.29068	0.98742	6588
1	27.90313	0.94628	6603
1	27.86410	0.90513	6621
1	28.39931	0.86656	6638
1	28.70658	0.82799	6653
1	28.06998	0.78942	6671
1	28.89815	0.75085	6686
1	28.87463	0.71228	6704
1	28.86362	0.67371	6718
1	29.50599	0.63513	6736
1	28.31817	0.59656	6751
1	29.72341	0.55799	6769
1	29.07222	0.51942	6784
1	29.22702	0.48085	6802
1	29.33322	0.44228	6819
1	29.55520	0.44485	6834
1	29.86924	0.44742	6852
1	26.34530	0.44999	6867
1	30.70547	0.44999	6885
1	29.80364	0.44999	6900
1	29.91229	0.44999	6918
1	26.46521	0.44999	6933
1	29.91183	0.44999	6951
1	30.11052	0.44999	6966
1	29.55715	0.44999	6983
1	28.85921	0.44999	6998
1	29.47158	0.44999	7016
1	28.58149	0.44999	7031
1	28.95567	0.44999	7049
1	29.19220	0.44999	7064
1	25.69914	0.44999	7081
1	28.72438	0.44999	7096
1	29.28043	0.44999	7114
1	29.57719	0.44999	7131
1	28.23073	0.44999	7146
1	25.31250	0.44999	7164
1	27.63690	0.44999	7178
1	28.74427	0.44999	7195
1	29.04257	0.44999	7213
1	29.07780	0.44999	7227
1	28.89051	0.44999	7245
1	29.26978	0.44999	7260
1	28.34292	0.44999	7277
1	28.68033	0.44999	7295
1	28.73424	0.44999	7312
1	28.94853	0.44999	7327
1	29.41470	0.44999	7342
1	24.48943	0.44999	7360
1	28.70557	0.44999	7377
1	27.39472	0.44999	7393
1	27.72867	0.44999	7410
1	24.95488	0.44999	7425
1	27.80227	0.44999	7443
1	28.13553	0.44999	7458
1	28.22395	0.44999	7476
1	29.56933	0.44999	7491
1	24.58135	0.44999	7509
1	28.60608	0.44999	7524
1	28.76982	0.44999	7542
1	28.48013	0.44999	7557
1	28.86526	0.48856	7574
1	29.15523	0.52713	7591
1	30.44688	0.56571	7606
1	25.02283	0.60428	7624
1	28.43690	0.64285	7639
1	28.49069	0.68142	7657
1	28.80377	0.71999	7671
1	24.49591	0.75856	7689
1	9.73597	0.79713	7704
1	26.27746	0.83571	7722
1	27.91680	0.87428	7737
1	28.69705	0.91285	7755
1	28.51082	0.95142	7770
1	28.97115	0.98999	7789
1	28.65397	1.02856	7803
1	28.22890	1.02856	7820
1	29.19905	1.02856	7837
1	28.67354	1.02856	7852
1	28.62251	1.02856	7870
1	28.67827	1.02856	7885
1	28.71425	1.02856	7903
1	28.11913	1.02856	7918
1	28.44826	1.02856	7936
1	28.00901	1.02856	7951
1	27.97345	1.06666	7966
1	27.45711	1.10475	7984
1	28.42841	1.14285	8002
1	23.88666	1.18094	8017
1	26.73234	1.21904	8032
1	27.59096	1.25713	8050
1	26.97447	1.29523	8067
1	26.72763	1.33332	8082
1	26.35406	1.37142	8100
1	23.62017	1.40952	8117
1	26.73007	1.44761	8132
1	25.41680	1.48571	8150
1	26.42176	1.52380	8165
1	22.97588	1.56190	8183
1	22.39394	1.59999	8198
1	23.01187	1.59999	8213
1	21.93744	1.59999	8231
1	21.78520	1.59999	8246
1	22.00324	1.57332	8265
1	25.06742	1.54666	8280
1	26.31348	1.51999	8297
1	25.42932	1.49332	8312
1	25.17468	1.46666	8330
1	25.50580	1.43999	8345
1	25.50755	1.41332	8363
1	24.70697	1.38666	8378
1	22.15380	1.35999	8395
1	25.12590	1.33333	8410
1	22.22195	1.30666	8428
1	21.58731	1.27999	8443
1	25.59118	1.25333	8461
1	22.02535	1.22666	8478
1	22.38287	1.19999	8496
1	21.85475	1.19999	8511
1	25.33128	1.19999	8526
1	25.82637	1.19999	8544
1	24.24737	1.14999	8559
1	26.53856	1.09999	8577
1	22.65880	1.04999	8593
1	26.36743	0.99908	8609
1	24.95742	0.94817	8626
1	26.40430	0.89726	8640
1	26.17416	0.84726	8658
1	26.27381	0.79726	8673
1	27.33004	0.74726	8691
1	26.34327	0.69726	8706
1	25.83379	0.64726	8723
1	26.08515	0.59726	8741
1	26.18688	0.54636	8756
1	25.96216	0.49545	8773
1	23.61084	0.44454	8789
1	26.54974	0.44454	8806
1	26.55348	0.44454	8821
1	26.39002	0.44454	8839
1	28.12688	0.44545	8854
1	26.81892	0.44636	8872
1	28.22114	0.44726	8887
1	26.61305	0.44636	8904
1	27.01308	0.44545	8921
1	27.32163	0.44454	8937
1	26.56333	0.44363	8955
1	27.05404	0.44272	8972
1	27.16621	0.44181	8987
1	26.40199	0.44272	9002
1	27.07851	0.44363	9019
1	28.39144	0.44454	9037
1	27.66423	0.45294	9051
1	27.42664	0.46134	9068
1	27.02446	0.46974	9085
1	26.31428	0.47814	9100
1	26.49801	0.48654	9118
1	26.81589	0.49494	9133
1	26.94104	0.50425	9151
1	27.10149	0.51356	9166
1	26.44142	0.52286	9184
1	27.28228	0.53217	9199
1	27.02720	0.54148	9217
1	26.76067	0.55079	9232
1	23.60099	0.55919	9250
1	26.77286	0.56759	9265
1	27.13517	0.57599	9283
1	23.32035	0.57599	9298
1	27.48597	0.57599	9316
1	26.60528	0.57599	9331
1	27.08043	0.57599	9349
1	24.19508	0.57599	9364
1	27.08402	0.57599	9382
1	27.45645	0.57599	9396
1	27.30691	0.57599	9414
1	27.74307	0.57599	9430
1	23.16476	0.57599	9447
1	27.37586	0.57599	9461
1	26.99288	0.57599	9479
1	23.83378	0.57599	9494
1	23.11177	0.57599	9512
1	7.23839	0.57599	9530
1	22.81671	0.57599	9545
1	26.19291	0.57599	9563
1	26.50257	0.57599	9578
1	27.00542	0.57599	9595
1	23.48541	0.57599	9612
1	23.03473	0.57599	9627
1	26.55146	0.57599	9644
1	22.62328	0.57599	9659
1	22.81574	0.57599	9677
1	26.66721	0.56668	9691
1	25.73584	0.55737	9709
1	25.98864	0.54806	9724
1	26.23402	0.53876	9742
1	23.61232	0.52945	9757
1	26.05550	0.52014	9773
1	26.26628	0.51083	9791
1	22.86764	0.50152	9806
1	23.69512	0.49221	9824
1	26.94608	0.48290	9839
1	27.15741	0.47359	9856
1	27.12721	0.46428	9874
1	26.69022	0.45497	9891
1	26.35632	0.44566	9906
1	27.67898	0.43636	9924
1	26.99103	0.43636	9941
1	23.75622	0.43636	9956
1	23.51943	0.43636	9971
1	27.50050	0.43636	9988
1	27.60511	0.43636	10006
1	27.89104	0.43636	10021
1	28.02639	0.43726	10039
1	27.80872	0.43817	10054
1	24.43878	0.43908	10072
1	27.73170	0.43999	10087
1	28.39017	0.44090	10104
1	29.03602	0.44181	10119
1	29.30849	0.44272	10136
1	28.21290	0.44363	10154
1	28.89038	0.44454	10169
1	28.71624	0.44545	10187
1	28.03836	0.44636	10202
1	28.70400	0.44726	10220
1	28.70816	0.44817	10235
1	28.53058	0.44908	10253
1	28.65374	0.44999	10269
1	29.90382	0.44999	10283
1	29.69593	0.44999	10301
1	25.58825	0.44999	10318
1	29.08333	0.44999	10333
1	29.54012	0.44999	10351
1	29.45212	0.44999	10366
1	29.39801	0.44999	10382
1	28.97842	0.44999	10399
1	29.76336	0.44999	10414
1	29.27147	0.44999	10432
1	30.10184	0.44999	10449
1	31.13108	0.44999	10465
1	29.35579	0.44999	10483
1	29.94810	0.44999	10498
1	29.92567	0.44999	10515
1	30.00157	0.44999	10530
1	30.04181	0.44999	10548
1	26.45293	0.44999	10565
1	29.96255	0.44999	10580
1	29.10008	0.44999	10597
1	29.82838	0.44999	10612
1	29.81212	0.44999	10630
1	28.13924	0.44999	10647
1	29.72253	0.44999	10662
1	29.24294	0.44999	10679
1	29.60303	0.44999	10694
1	30.24643	0.44999	10712
1	29.11255	0.44999	10727
1	28.64353	0.44999	10745
1	29.01860	0.44999	10760
1	29.72846	0.44999	10778
1	28.85875	0.44999	10793
1	29.43712	0.44999	10811
1	29.33890	0.44999	10826
1	29.42051	0.44999	10844
1	29.69776	0.44999	10859
1	28.61114	0.44999	10877
1	28.96810	0.44999	10893
1	28.59812	0.44999	10908
1	29.23665	0.44999	10926
1	29.47952	0.44999	10941
1	28.91978	0.44999	10959
1	25.96028	0.44999	10973
1	29.77770	0.44999	10991
1	30.07599	0.44999	11006
1	29.88900	0.44999	11024
1	28.65878	0.44999	11039
1	29.29002	0.44999	11057
1	29.33086	0.44999	11072
1	29.66911	0.44999	11090
1	29.13846	0.44999	11105
1	29.60571	0.44999	11123
1	29.14216	0.44999	11137
1	29.01586	0.44999	11155
1	29.31065	0.44999	11170
1	28.54414	0.44999	11188
1	27.68843	0.44999	11203
1	27.95101	0.44999	11220
1	28.63386	0.44999	11237
1	28.65493	0.44999	11255
1	24.34431	0.44999	11271
1	27.65119	0.44999	11286
1	27.52433	0.44999	11304
1	27.19790	0.44999	11318
1	23.62660	0.44999	11336
1	23.15963	0.44999	11353
1	27.63573	0.44999	11368
1	27.98531	0.44999	11386
1	28.18022	0.44999	11401
1	27.67429	0.44999	11419
1	27.66428	0.44999	11433
1	24.34787	0.44999	11451
1	28.07891	0.44999	11466
1	29.61075	0.44999	11484
1	24.85759	0.44999	11499
1	28.13756	0.44999	11517
1	27.79066	0.44999	11532
1	28.07271	0.44999	11550
1	27.69505	0.44999	11565
1	28.66366	0.44999	11583
1	24.84366	0.44999	11598
1	28.07236	0.44908	11616
1	27.80837	0.44817	11630
1	29.50145	0.44726	11648
1	29.57766	0.44726	11663
1	29.94364	0.44726	11683
1	29.45339	0.44726	11698
1	29.52467	0.44726	11716
1	29.07293	0.44726	11730
1	29.13713	0.44726	11745
1	29.21584	0.44726	11763
1	28.29477	0.44726	11778
1	20.27828	0.44726	11796
1	22.53265	0.44926	11814
0	22.53265	0.45126	11829
0	22.53265	0.45326	11848
0	22.53265	0.45617	11865
0	22.53265	0.45908	11880
0	22.53265	0.46199	11898
0	22.53265	0.46399	11913
0	22.53265	0.46599	11930
0	22.53265	0.46799	11945
0	22.53265	0.46999	11963
0	22.53265	0.47199	11978
1	29.68993	0.47399	11996
1	29.96986	0.47599	12011
1	30.09081	0.47799	12026
1	30.37914	0.47999	12044
1	30.05058	0.47999	12059
1	30.61279	0.47999	12074
1	30.36079	0.47999	12092
1	30.10749	0.47999	12107
1	29.75419	0.47999	12125
1	28.85898	0.47999	12142
1	28.39499	0.47999	12157
1	29.11890	0.47999	12175
1	29.49406	0.47999	12189
1	29.31641	0.47999	12207
1	28.77159	0.47999	12222
1	29.17932	0.47999	12240
1	29.31791	0.47999	12255
1	28.79493	0.47999	12273
1	29.67019	0.47999	12288
1	29.09048	0.47999	12305
1	29.58548	0.47999	12322
1	28.90545	0.47999	12337
1	29.62745	0.47999	12355
1	28.16670	0.47999	12370
1	27.69327	0.47999	12388
1	28.23112	0.47999	12403
1	28.83082	0.47999	12421
1	28.97252	0.47999	12436
1	28.56055	0.47999	12451
1	29.28068	0.47999	12468
1	29.31437	0.47999	12487
1	28.45630	0.47999	12501
1	28.31364	0.47999	12518
1	28.53329	0.47999	12536
1	27.71813	0.47999	12551
1	28.73886	0.47999	12567
1	29.06781	0.47999	12585
1	28.81825	0.47999	12600
1	28.60790	0.47999	12618
1	29.17416	0.47999	12633
1	28.42382	0.47999	12650
1	29.06233	0.47999	12668
1	28.33875	0.47999	12683
1	28.28200	0.47999	12698
1	29.05046	0.47999	12716
1	28.77856	0.47999	12733
1	29.08498	0.47999	12748
1	28.26467	0.47999	12766
1	29.05579	0.47999	12781
1	28.61147	0.47999	12798
1	29.02236	0.47999	12813
1	30.13139	0.47999	12831
1	28.59529	0.47999	12846
1	28.63381	0.47999	12865
1	29.19963	0.47999	12880
1	29.69078	0.47999	12898
1	28.10916	0.47999	12913
1	29.25860	0.47999	12931
1	28.88053	0.47999	12946
1	29.34200	0.47999	12961
1	28.01048	0.47999	12979
1	28.40251	0.47999	12994
1	29.39554	0.47999	13012
1	29.03959	0.47999	13030
1	28.87425	0.47999	13045
1	28.32838	0.47999	13060
1	28.99198	0.47999	13078
1	29.29068	0.47999	13095
1	29.97690	0.47999	13110
1	30.13385	0.47999	13128
1	29.75279	0.47999	13143
1	30.35227	0.47999	13158
1	26.03500	0.47999	13176
1	30.21427	0.47999	13193
1	29.47635	0.47999	13207
1	29.20721	0.47999	13225
1	29.74459	0.47999	13240
1	30.00928	0.47999	13257
1	30.79878	0.47999	13275
1	30.44989	0.47999	13290
1	30.72135	0.47999	13308
1	30.11738	0.47999	13323
1	30.63451	0.47999	13338
1	30.57294	0.47999	13356
1	28.69900	0.47999	13371
1	30.83505	0.47999	13389
1	30.05429	0.47999	13405
1	30.01068	0.47999	13423
1	29.84855	0.47999	13438
1	30.84414	0.47999	13456
1	31.14750	0.47999	13471
1	30.72752	0.47999	13489
1	30.57979	0.47999	13504
1	30.70374	0.47999	13522
1	30.22376	0.47466	13537
1	30.38280	0.46933	13555
1	30.92228	0.46399	13570
1	30.25800	0.45866	13587
1	30.28915	0.45333	13604
1	30.03413	0.44799	13619
1	30.14782	0.44266	13634
1	29.72411	0.43733	13652
1	29.83659	0.43199	13667
1	29.25170	0.42999	13685
1	29.65620	0.42799	13700
1	29.57019	0.42599	13718
1	29.17826	0.42399	13735
1	31.13818	0.42199	13751
1	30.94103	0.41999	13769
1	30.30447	0.42429	13784
1	30.55289	0.42859	13800
1	30.83646	0.43290	13818
1	29.53264	0.43720	13833
1	29.36392	0.44150	13850
1	31.08664	0.44580	13865
1	29.02466	0.45010	13883
1	29.21427	0.45440	13898
1	29.10111	0.45870	13916
1	30.00115	0.46070	13931
1	29.65894	0.46270	13949
1	26.09423	0.46470	13963
1	29.83978	0.46470	13980
1	29.48230	0.46470	13997
1	29.05466	0.46470	14012
1	29.77923	0.46470	14030
1	29.91685	0.46470	14048
1	28.90202	0.46470	14064
1	29.08530	0.46470	14079
1	29.41519	0.46470	14097
1	29.76554	0.46470	14112
1	29.11292	0.46470	14127
1	29.84551	0.46470	14144
1	29.01891	0.46470	14161
1	29.05584	0.46367	14176
1	30.24892	0.46264	14194
1	30.17572	0.46160	14209
1	29.03384	0.46257	14227
1	29.77785	0.46354	14242
1	29.67776	0.46451	14260
1	29.43572	0.46451	14275
1	30.44450	0.46451	14293
1	30.08510	0.46451	14311
1	29.93487	0.57068	14326
1	29.82661	0.67686	14344
1	29.58231	0.78303	14359
1	30.40900	0.78207	14374
1	30.41383	0.78110	14392
1	30.49984	0.78013	14410
1	30.21416	0.77916	14425
1	30.37360	0.77819	14440
1	30.38143	0.77723	14458
1	31.15359	0.77723	14473
1	29.90489	0.77723	14490
1	30.89683	0.77723	14508
1	30.20155	0.77723	14523
1	30.82981	0.77723	14538
1	30.27397	0.77723	14556
1	29.99215	0.76008	14571
1	30.58625	0.74294	14589
1	30.84595	0.72580	14604
1	30.55591	0.81580	14622
1	31.10058	0.90580	14637
1	30.80494	0.99580	14655
1	30.36330	0.99106	14670
1	30.69422	0.98632	14687
1	30.10272	0.98159	14705
1	30.43428	0.97588	14720
1	30.63944	0.97018	14735
1	30.68609	0.96447	14752
1	30.30718	0.95877	14769
1	30.67200	0.95307	14787
1	29.97374	0.94736	14802
1	30.28354	0.85262	14820
1	30.20554	0.75789	14835
1	30.81104	0.66315	14853
1	30.52715	0.56841	14867
1	30.17871	0.47368	14885
1	30.61861	0.37894	14900
1	30.61514	0.37894	14918
1	30.23948	0.37894	14933
1	30.05351	0.37894	14951
1	30.28540	0.37894	14965
1	30.38632	0.37894	14982
1	30.89655	0.37894	15000
1	31.02470	0.37894	15015
1	30.50420	0.37894	15033
1	30.96646	0.37894	15048
1	31.02078	0.37894	15065
1	30.35451	0.37894	15080
1	31.03713	0.37894	15098
1	31.21707	0.37894	15115
1	31.14978	0.37894	15130
1	31.04620	0.37894	15147
1	31.19489	0.37894	15162
1	31.29112	0.37894	15180
1	31.94858	0.37894	15195
1	31.55098	0.37894	15213
1	32.50219	0.37894	15228
1	32.45401	0.37894	15246
1	32.04460	0.37894	15261
1	31.96243	0.37894	15279
1	31.85274	0.37894	15297
1	31.26406	0.37894	15312
1	32.45895	0.37894	15330
1	32.26525	0.37894	15345
1	32.61034	0.37894	15363
1	32.40875	0.37894	15378
1	31.96906	0.37894	15395
1	32.80656	0.37894	15410
1	32.19229	0.37894	15428
1	32.81080	0.37894	15443
1	32.08677	0.37894	15458
1	32.32442	0.37894	15476
1	32.13053	0.37894	15491
1	32.43049	0.37894	15508
1	30.22518	0.37894	15526
1	31.40791	0.37894	15540
1	30.32654	0.37894	15558
1	31.66110	0.37894	15573
1	32.14476	0.37894	15590
1	31.30425	0.37894	15608
1	31.46207	0.37894	15623
1	29.68663	0.37894	15641
1	29.89173	0.37894	15656
1	29.56359	0.37894	15673
1	29.59377	0.37894	15688
1	29.13510	0.37894	15706
1	28.75698	0.37894	15721
1	29.19091	0.37894	15739
1	28.48152	0.37894	15754
1	27.77604	0.37894	15772
1	28.46504	0.37894	15787
1	28.54902	0.37894	15805
1	27.76008	0.37894	15819
1	27.30661	0.37894	15837
1	27.39280	0.42225	15852
1	27.26247	0.46556	15871
1	27.30906	0.50886	15886
1	27.27621	0.55217	15904
1	26.83055	0.59548	15919
1	24.80077	0.63879	15936
1	26.72771	0.73353	15951
1	28.02725	0.82826	15969
1	27.74143	0.92300	15987
1	27.55427	1.01774	16002
1	27.71301	1.11247	16018
1	27.61967	1.20721	16033
1	27.93756	1.30195	16049
1	27.96132	1.39668	16067
1	28.44771	1.49142	16084
1	27.34844	1.54285	16098
1	27.15851	1.59428	16116
1	27.36642	1.64571	16133
1	27.04641	1.69713	16148
1	27.48610	1.74856	16166
1	27.53357	1.79999	16183
1	27.56928	1.79999	16198
1	28.07285	1.79999	16216
1	24.75814	1.79999	16231
1	28.02836	1.79999	16249
1	27.64629	1.79999	16264
1	27.62894	1.79999	16282
1	27.82782	1.79999	16297
1	28.06992	1.79999	16315
1	28.59054	1.79999	16330
1	27.92440	1.79999	16345
1	28.39148	1.79999	16362
1	28.24311	1.79999	16380
1	27.64636	1.79999	16395
1	27.08837	1.79999	16412
1	27.45098	1.79999	16430
1	27.93383	1.79999	16445
1	27.56686	1.79999	16461
1	28.42691	1.79999	16479
1	27.84098	1.79999	16494
1	27.34703	1.79999	16512
1	27.83389	1.79999	16527
1	27.60614	1.79999	16544
1	27.46312	1.79999	16559
1	27.22080	1.79999	16577
1	27.94494	1.87199	16592
1	26.64879	1.94399	16610
1	27.68893	2.01599	16625
1	27.04177	2.08799	16640
1	27.31843	2.15999	16658
1	26.66124	2.23199	16677
1	28.22005	2.30399	16691
1	27.51237	2.37599	16708
1	27.27860	2.44799	16723
1	27.59322	2.51999	16741
1	26.37716	2.59199	16756
1	26.79398	2.66399	16774
1	26.97668	2.73599	16789
1	26.73386	2.80799	16807
1	26.80619	2.87999	16822
1	26.30345	2.87999	16839
1	23.48056	2.87999	16857
1	22.99559	2.87999	16872
1	26.57255	2.71708	16887
1	26.80825	2.55417	16905
1	23.55826	2.39126	16922
1	26.33272	2.22669	16937
1	25.91227	2.06212	16955
1	27.10232	1.89755	16972
1	26.07964	1.82555	16987
1	25.87425	1.75355	17002
1	25.36461	1.68155	17019
1	25.34431	1.51779	17037
1	25.13781	1.35402	17052
1	25.40169	1.19026	17069
1	25.64253	1.03026	17084
1	26.25697	0.87026	17102
1	23.30584	0.71026	17117
1	25.35204	0.71317	17135
1	26.30555	0.71607	17150
1	26.18625	0.71898	17167
1	23.28270	0.72065	17185
1	26.82043	0.72231	17200
1	27.58211	0.72397	17217
1	26.79172	0.63306	17235
1	26.71136	0.54215	17250
1	27.21140	0.45124	17268
1	28.23409	0.45124	17283
1	26.84184	0.45124	17299
1	23.51775	0.45124	17317
1	26.00269	0.44748	17332
1	27.18844	0.44371	17347
1	26.60798	0.43995	17365
1	23.86230	0.43618	17382
1	27.26807	0.43242	17397
1	27.06753	0.42865	17414
1	27.35184	0.42780	17429
1	27.04197	0.42694	17447
1	27.02145	0.42609	17464
1	27.16319	0.42523	17479
1	27.91015	0.42438	17497
1	28.54839	0.42352	17512
1	27.13064	0.42352	17530
1	28.29938	0.42352	17546
1	29.35707	0.42352	17561
1	28.48553	0.58729	17579
1	27.97383	0.75105	17593
1	28.28897	0.91482	17611
1	27.12637	1.07858	17626
1	29.39398	1.24234	17644
1	27.37443	1.40611	17660
1	23.68790	1.56987	17677
1	29.84503	1.73364	17695
1	27.76370	1.89740	17710
1	27.12164	2.06117	17728
1	27.88492	2.22493	17744
1	29.03053	2.38870	17760
1	27.84625	2.55246	17775
1	27.40432	2.71623	17793
1	28.03598	2.87999	17808
1	27.17167	2.87999	17826
1	27.51390	2.87999	17841
1	28.23427	2.87999	17859
1	27.98971	2.87999	17874
1	27.48275	2.87999	17892
1	27.72291	2.87999	17906
1	27.02228	2.87999	17924
1	27.94618	2.87999	17939
1	27.74187	2.87999	17957
1	27.41733	2.87999	17972
1	27.85012	2.87999	17990
1	27.36010	2.87999	18005
1	26.95462	2.87999	18021
1	27.20893	2.87999	18039
1	28.07067	2.87999	18054
1	27.57996	2.87999	18072
1	28.36002	2.87999	18087
1	6.76744	2.87999	18107
1	25.50740	2.87999	18119
1	27.46934	2.87999	18137
1	29.63345	2.87999	18152
1	29.99214	2.87999	18170
1	28.72739	2.87999	18185
1	28.53057	2.87999	18204
1	27.57778	2.87999	18219
1	27.66448	2.87999	18237
1	27.77260	2.87999	18252
1	28.62607	2.87999	18270
1	28.31512	2.87999	18285
1	25.24101	2.87999	18302
1	29.33255	2.87999	18317
1	6.37447	2.87999	18335
1	8.85447	2.87999	18350
1	23.48073	2.71542	18368
1	8.90144	2.55085	18385
1	6.49361	2.38628	18400
1	26.23003	2.22171	18417
1	29.15685	2.05713	18434
1	29.38972	1.89256	18449
1	29.41941	1.72799	18465
1	29.14914	1.56342	18483
1	28.57447	1.39885	18498
1	29.09555	1.23428	18515
1	29.40654	1.06971	18530
1	29.77154	0.90513	18548
1	29.62934	0.74056	18565
1	29.82483	0.57599	18580
1	29.40719	0.41142	18598
1	29.10210	0.41142	18615
1	29.66167	0.41142	18630
1	29.58143	0.41142	18648
1	30.20414	0.41142	18662
1	30.11538	0.41142	18680
1	29.79866	0.41142	18695
1	29.98557	0.41142	18713
1	30.70252	0.41142	18728
1	30.24181	0.41142	18746
1	30.51117	0.41142	18760
1	31.06600	0.41142	18778
1	30.88955	0.41142	18793
1	31.06665	0.41142	18809
1	31.48889	0.41142	18827
1	31.30853	0.41142	18845
1	30.64185	0.41142	18860
1	31.29303	0.41142	18878
1	30.98170	0.41142	18893
1	31.70845	0.41142	18911
1	31.47486	0.41142	18926
1	31.67472	0.41142	18944
1	31.45582	0.41142	18959
1	31.65851	0.41142	18974
1	31.64423	0.41142	18992
1	31.81562	0.41142	19007
1	31.50245	0.41142	19025
1	31.36080	0.41142	19040
1	31.33784	0.41142	19058
1	31.53992	0.41142	19073
1	31.56128	0.41142	19091
1	31.59393	0.41142	19106
1	31.31118	0.41142	19123
1	31.39608	0.41142	19140
1	30.62522	0.41142	19155
1	30.87195	0.41142	19173
1	30.68047	0.41142	19188
1	31.44428	0.41142	19206
1	31.27240	0.41142	19221
1	31.97132	0.41142	19238
1	30.90230	0.41142	19253
1	31.67373	0.41142	19272
1	31.26361	0.41142	19287
1	31.63945	0.41142	19305
1	30.19031	0.41142	19320
1	31.13627	0.41142	19338
1	31.65570	0.41142	19353
1	8.68157	0.41142	19368
1	14.76408	0.41142	19386
0	14.76408	0.41142	19401
1	17.25974	0.41142	19423
1	11.95535	0.41142	19434
1	17.87670	0.41142	19452
0	17.87670	0.41142	19469
1	29.12682	0.41142	19487
1	29.28800	0.41308	19502
1	30.89767	0.41475	19516
1	31.40208	0.41641	19534
1	32.03126	0.41721	19549
1	31.11227	0.41802	19567
1	30.62931	0.41883	19585
1	31.05836	0.42140	19600
1	30.91072	0.42397	19615
1	30.89133	0.42654	19633
1	31.04909	0.42911	19648
1	31.09125	0.43168	19666
1	31.32287	0.43426	19681
1	31.15508	0.43683	19699
1	31.21904	0.43940	19714
1	30.74412	0.44197	19731
1	31.22699	0.44288	19746
1	30.82280	0.44379	19764
1	31.03113	0.44470	19779
1	30.49161	0.44646	19797
1	30.99026	0.44823	19812
1	30.60113	0.44999	19830
1	31.29900	0.44908	19845
1	31.10876	0.44817	19863
1	31.19092	0.44726	19878
1	30.55468	0.44636	19896
1	30.49671	0.44545	19911
1	30.95621	0.44454	19929
1	30.10707	0.44363	19944
1	30.10005	0.44272	19962
1	30.84763	0.44181	19977
1	30.61810	0.44090	19992
1	29.67340	0.43999	20009
1	30.18677	0.43908	20027
1	29.52467	0.44005	20045
1	30.63675	0.44102	20060
1	31.42362	0.44199	20075
1	31.04844	0.44290	20093
1	30.33035	0.44380	20108
1	30.43516	0.44471	20126
1	30.44047	0.44562	20141
1	31.22815	0.44653	20159
1	31.71707	0.44744	20174
1	31.21373	0.44744	20192
1	31.19968	0.44744	20207
1	31.30207	0.44744	20223
1	31.41899	0.44744	20240
1	31.59837	0.44744	20257
1	31.43485	0.44744	20272
1	30.97022	0.44556	20290
1	30.70837	0.44369	20305
1	31.95726	0.44181	20322
1	30.99965	0.44090	20340
1	30.33513	0.43999	20355
1	30.31546	0.43908	20373
1	30.58684	0.43817	20389
1	30.25554	0.43726	20404
1	30.59605	0.43636	20422
1	31.26274	0.43636	20436
1	30.04686	0.43636	20454
1	8.48967	0.43636	20469
1	30.18168	0.43636	20487
1	8.58262	0.43636	20502
1	29.59141	0.43636	20520
1	8.98154	0.43636	20535
0	8.98154	0.43636	20553
1	31.66215	0.43636	20571
1	7.56826	0.43636	20585
0	7.56826	0.43636	20600
1	5.67197	0.43636	20621
0	5.67197	0.43636	20635
0	5.67197	0.43636	20653
0	5.67197	0.43636	20668
0	5.67197	0.43636	20685
0	5.67197	0.43636	20703
0	5.67197	0.43636	20717
0	5.67197	0.43636	20735
0	5.67197	0.43636	20752
0	5.67197	0.43636	20767
0	5.67197	0.43636	20785
1	8.16788	0.43636	20800
1	8.35875	0.43636	20815
0	8.35875	0.43636	20830
0	8.35875	0.43636	20848
0	8.35875	0.43636	20863
0	8.35875	0.43636	20881
0	8.35875	0.43636	20896
1	11.78842	0.43636	20914
0	11.78842	0.43636	20929
0	11.78842	0.43636	20947
0	11.78842	0.43636	20965
0	11.78842	0.43636	20980
0	11.78842	0.43636	20995
0	11.78842	0.43636	21013
0	11.78842	0.43636	21028
0	11.78842	0.43636	21046
1	9.68118	0.43636	21061
0	9.68118	0.43636	21079
0	9.68118	0.43636	21093
0	9.68118	0.43636	21111
0	9.68118	0.43636	21126
0	9.68118	0.43636	21144
0	9.68118	0.43636	21159
0	9.68118	0.43636	21176
0	9.68118	0.43636	21194
0	9.68118	0.43636	21208
0	9.68118	0.43636	21226
0	9.68118	0.43636	21241
0	9.68118	0.43636	21259
0	9.68118	0.43636	21274
0	9.68118	0.43636	21292
0	9.68118	0.43636	21307
0	9.68118	0.43636	21325
0	9.68118	0.43636	21339
0	9.68118	0.43636	21357
0	9.68118	0.43636	21373
0	9.68118	0.43636	21390
0	9.68118	0.43636	21406
0	9.68118	0.43636	21424
0	9.68118	0.43636	21439
0	9.68118	0.43636	21457
0	9.68118	0.43636	21472
0	9.68118	0.43636	21488
1	31.68092	0.43636	21506
1	31.50311	0.43636	21520
1	32.77976	0.43636	21538
1	32.64479	0.43636	21556
1	32.12197	0.43636	21571
1	32.61531	0.43636	21586
1	32.47812	0.43636	21604
1	32.31324	0.43636	21619
1	32.91750	0.43636	21637
1	31.95445	0.43636	21652
1	32.55011	0.43636	21669
1	32.12503	0.43636	21687
1	31.91158	0.43636	21702
1	32.08648	0.43636	21720
1	32.33430	0.43636	21735
1	32.16180	0.43636	21750
1	31.31783	0.43636	21767
1	31.37607	0.43636	21785
1	31.65697	0.43636	21801
1	31.39662	0.43636	21818
1	31.65148	0.43636	21833
1	30.52447	0.43636	21851
1	31.97480	0.43636	21866
1	31.15408	0.43636	21884
1	31.42866	0.43636	21899
1	31.09941	0.43636	21914
1	31.30904	0.43636	21932
1	31.54731	0.43636	21949
1	30.94284	0.43636	21964
1	31.02955	0.43636	21981
1	31.19415	0.43636	21996
1	31.40581	0.43636	22014
1	30.86859	0.43636	22029
1	30.97611	0.43636	22047
1	30.98882	0.43636	22065
1	30.88470	0.43636	22080
1	31.53139	0.43636	22098
1	31.52044	0.43636	22113
1	31.89368	0.43636	22131
1	32.18636	0.43636	22146
1	32.18207	0.43636	22164
1	31.98420	0.43636	22178
1	32.24881	0.43636	22196
1	31.68351	0.43636	22211
1	32.26756	0.43636	22229
1	32.86614	0.43636	22244
1	32.69691	0.43636	22262
1	33.13632	0.43636	22277
1	32.49577	0.43636	22294
1	33.10812	0.43636	22309
1	33.08285	0.43636	22327
1	32.63239	0.43636	22344
1	32.35373	0.43636	22359
1	32.44862	0.43636	22377
1	33.20918	0.43636	22392
1	33.31569	0.43636	22407
1	33.50361	0.43636	22425
1	33.31105	0.43636	22440
1	33.08840	0.43636	22458
1	33.31442	0.43636	22475
1	33.14684	0.43636	22490
1	33.42791	0.43636	22508
1	33.66267	0.43636	22523
1	33.80694	0.43636	22541
1	33.85480	0.43636	22556
1	33.20757	0.43636	22574
1	33.86295	0.43636	22589
1	33.51979	0.43636	22606
1	34.85878	0.43636	22621
1	34.28431	0.43636	22638
1	33.73274	0.43636	22656
1	33.70131	0.43636	22671
1	33.62169	0.43636	22688
1	34.12625	0.43636	22703
1	32.79791	0.43636	22721
1	33.97056	0.43636	22736
1	33.45037	0.43636	22754
1	33.64810	0.43636	22769
1	33.73332	0.43636	22787
1	33.44645	0.43636	22802
1	34.07080	0.43636	22820
1	33.56348	0.43636	22836
1	33.10635	0.43636	22851
1	34.21022	0.43636	22869
1	33.47514	0.43636	22886
1	33.73482	0.43636	22902
1	33.73402	0.43636	22917
1	34.18720	0.43636	22934
1	33.68283	0.43636	22952
1	33.75200	0.43636	22967
1	33.98590	0.43636	22984
1	33.95586	0.43636	22999
1	34.16919	0.43636	23017
1	34.55887	0.43636	23032
1	34.53632	0.43636	23050
1	34.90517	0.43636	23067
1	34.74598	0.43636	23082
1	34.28208	0.43636	23097
1	33.39235	0.43636	23114
1	33.28448	0.43636	23132
1	33.59742	0.43636	23147
1	33.57768	0.43636	23165
1	34.45779	0.43636	23181
1	33.75217	0.43636	23198
1	34.82621	0.43636	23212
1	34.94450	0.43636	23230
1	33.93944	0.43636	23245
1	33.84092	0.43636	23263
1	34.39931	0.43636	23278
1	34.09957	0.43636	23296
1	34.25855	0.43636	23311
1	34.29648	0.43636	23329
1	34.67934	0.43636	23344
1	35.02035	0.43636	23361
1	34.69190	0.43636	23379
1	33.62717	0.43636	23393
1	34.80894	0.43636	23411
1	34.69982	0.43636	23426
1	34.72918	0.43636	23444
1	34.48544	0.43636	23459
1	33.65339	0.43636	23476
1	34.71051	0.43636	23494
1	34.03502	0.43636	23509
1	34.70887	0.43636	23527
1	33.81744	0.43636	23542
1	34.39260	0.43636	23560
1	34.18509	0.43636	23575
1	34.15699	0.43636	23592
1	34.38560	0.43636	23607
1	34.78150	0.43636	23625
1	34.74228	0.43636	23640
1	34.30222	0.43636	23658
1	34.56851	0.43636	23673
1	34.58987	0.43636	23690
1	34.68820	0.43636	23705
1	34.63652	0.43636	23722
1	35.05543	0.43636	23740
1	35.28824	0.43636	23755
1	35.01278	0.43636	23773
1	35.79837	0.43636	23788
1	35.43866	0.43636	23806
1	35.43549	0.43636	23821
1	35.12094	0.43636	23839
1	35.56886	0.43636	23854
1	35.59626	0.43636	23869
1	34.74277	0.43636	23887
1	35.58847	0.43636	23902
1	36.60151	0.43636	23920
1	36.32890	0.43636	23935
1	36.36149	0.43636	23953
1	35.83307	0.43636	23968
1	36.15590	0.43636	23986
1	36.14870	0.43636	24001
1	35.23491	0.43636	24019
1	36.08330	0.43636	24034
1	36.17159	0.43636	24052
1	35.91327	0.43636	24067
1	36.07953	0.43636	24085
1	36.34928	0.43636	24102
1	35.79600	0.43636	24117
1	35.88844	0.43636	24134
1	35.09502	0.43636	24151
1	36.07362	0.43636	24166
1	34.80932	0.43636	24184
1	36.30622	0.43636	24199
1	35.54855	0.43636	24214
1	34.78754	0.43636	24232
1	36.15185	0.43636	24248
1	35.78555	0.43636	24266
1	36.56564	0.43636	24281
1	35.82180	0.43636	24298
1	35.26754	0.43636	24316
1	36.03327	0.43636	24331
1	36.38554	0.43636	24348
1	34.98182	0.43636	24363
1	35.94968	0.43636	24380
1	35.93280	0.43636	24395
1	35.56115	0.43636	24413
1	36.08105	0.43636	24428
1	36.02655	0.43636	24446
1	36.03947	0.43636	24461
1	35.83469	0.43636	24478
1	35.80579	0.43636	24496
1	35.52870	0.43636	24511
1	35.78777	0.43636	24529
1	36.12267	0.43636	24544
1	36.12441	0.43636	24562
1	35.96805	0.43636	24577
1	36.07622	0.43636	24592
1	36.25792	0.43636	24610
1	35.14236	0.43636	24625
1	35.85049	0.43636	24643
1	35.32569	0.43636	24658
1	35.82977	0.43636	24676
1	36.22318	0.43636	24691
1	37.09809	0.43636	24709
1	35.86271	0.43636	24724
1	33.55455	0.43636	24742
1	34.85411	0.43636	24757
1	34.80599	0.43636	24775
1	35.18240	0.43636	24791
1	34.84235	0.43636	24809
1	34.44697	0.43636	24824
1	35.06932	0.43636	24842
1	35.11622	0.43636	24857
1	34.34085	0.43636	24872
1	35.11134	0.43636	24890
1	35.23617	0.43636	24905
1	34.67029	0.43636	24923
1	35.77998	0.43636	24938
1	34.83315	0.43636	24956
1	34.89425	0.43636	24971
1	35.05493	0.43636	24989
1	34.69432	0.43636	25004
1	35.10794	0.43636	25022
1	34.88457	0.43636	25037
1	35.21214	0.43636	25055
1	35.11251	0.51393	25070
1	35.21011	0.59151	25087
1	35.50274	0.66908	25104
1	35.25566	0.74666	25119
1	34.91677	0.82423	25137
1	35.84178	0.90181	25152
1	35.61015	0.97939	25170
1	35.43051	1.05696	25186
1	35.35889	1.13454	25201
1	35.49169	1.21211	25218
1	36.02382	1.28969	25233
1	35.70736	1.36727	25251
1	35.83666	1.44484	25268
1	35.86517	1.52242	25283
1	36.24119	1.59999	25301
1	36.39306	1.59999	25316
1	36.94365	1.59999	25331
1	36.74850	1.59999	25349
1	36.83191	1.59999	25367
1	36.81231	1.59999	25382
1	36.95836	1.59999	25400
1	37.37621	1.73333	25415
1	37.40488	1.86666	25433
1	37.31708	1.99999	25448
1	37.80841	2.13333	25466
1	37.32470	2.26666	25481
1	37.71023	2.39999	25496
1	37.85125	2.53333	25514
1	37.86395	2.66666	25532
1	37.49288	2.79999	25546
1	37.63994	2.93333	25564
1	37.62844	3.06666	25580
1	38.04898	3.19999	25596
1	37.74924	3.33333	25613
1	38.05477	3.46666	25628
1	37.79930	3.59999	25646
1	37.76525	3.59999	25661
1	37.81777	3.59999	25679
1	37.86501	3.59999	25693
1	37.66855	3.59999	25711
1	37.91549	3.59999	25726
1	36.65728	3.59999	25744
1	37.19271	3.59999	25759
1	36.89167	3.59999	25776
1	37.07377	3.59999	25794
1	37.10809	3.59999	25809
1	37.30367	3.59999	25824
1	37.99165	3.59999	25842
1	37.71962	3.59999	25860
1	37.37186	3.59999	25875
1	37.58337	3.59999	25892
1	37.74264	3.59999	25907
1	37.46323	3.59999	25925
1	38.23785	3.59999	25940
1	37.20517	3.59999	25957
1	37.76144	3.59999	25974
1	37.53823	3.59999	25989
1	36.91882	3.59999	26007
1	37.68353	3.59999	26022
1	37.80062	3.59999	26040
1	37.80209	3.44727	26055
1	37.60951	3.29454	26070
1	7.43595	3.14181	26088
0	7.43595	2.98908	26103
0	7.43595	2.83636	26124
0	7.43595	2.68363	26141
0	7.43595	2.53090	26156
0	7.43595	2.37817	26171
0	7.43595	2.22545	26189
0	7.43595	2.07272	26204
0	7.43595	1.91999	26222
0	7.43595	1.76727	26238
0	7.43595	1.61454	26255
1	7.61143	1.46181	26270
1	8.09619	1.30908	26285
1	7.99009	1.30908	26300
1	7.32275	1.30908	26321
1	7.99869	1.30908	26336
0	7.99869	1.30908	26352
0	7.99869	1.30908	26367
0	7.99869	1.30908	26385
0	7.99869	1.30908	26400
0	7.99869	1.30908	26417
0	7.99869	1.30908	26435
0	7.99869	1.30908	26450
0	7.99869	1.30908	26465
0	7.99869	1.30908	26483
0	7.99869	1.30908	26498
0	7.99869	1.30908	26516
0	7.99869	1.30908	26531
0	7.99869	1.30908	26548
0	7.99869	1.30908	26566
0	7.99869	1.30908	26581
0	7.99869	1.30908	26599
0	7.99869	1.30908	26614
0	7.99869	1.30908	26629
0	7.99869	1.30908	26647
0	7.99869	1.30908	26662
0	7.99869	1.30908	26680
0	7.99869	1.30908	26695
0	7.99869	1.30908	26713
0	7.99869	1.30908	26728
0	7.99869	1.30908	26746
0	7.99869	1.30908	26761
0	7.99869	1.30908	26780
0	7.99869	1.30908	26795
0	7.99869	1.30908	26812
0	7.99869	1.30908	26827
0	7.99869	1.30908	26845
0	7.99869	1.30908	26860
0	7.99869	1.30908	26878
0	7.99869	1.30908	26893
0	7.99869	1.30908	26911
0	7.99869	1.30908	26926
0	7.99869	1.30908	26944
0	7.99869	1.30908	26959
0	7.99869	1.30908	26977
0	7.99869	1.30908	26992
0	7.99869	1.30908	27010
1	38.03056	1.30908	27025
0	38.03056	1.30908	27040
0	38.03056	1.30908	27059
0	38.03056	1.30908	27074
0	38.03056	1.30908	27089
0	38.03056	1.30908	27106
1	38.48461	1.30908	27124
0	38.48461	1.30908	27141
0	38.48461	1.30908	27156
0	38.48461	1.30908	27171
0	38.48461	1.30908	27189
0	38.48461	1.30908	27207
0	38.48461	1.30908	27222
0	38.48461	1.30908	27240
0	38.48461	1.30908	27255
0	38.48461	1.30908	27272
0	38.48461	1.31781	27287
0	38.48461	1.32654	27305
0	38.48461	1.33527	27320
0	38.48461	1.34399	27338
0	38.48461	1.35272	27354
0	38.48461	1.36145	27369
0	38.48461	1.37017	27387
0	38.48461	1.37890	27404
0	38.48461	1.38763	27419
0	38.48461	1.39636	27434
0	38.48461	1.40508	27452
0	38.48461	1.41381	27469
0	38.48461	1.42254	27484
0	38.48461	1.43127	27502
0	38.48461	1.43999	27519
0	38.48461	1.43999	27534
0	38.48461	1.43999	27549
0	38.48461	1.43999	27566
0	38.48461	1.43999	27584
0	38.48461	1.43999	27599
0	38.48461	1.43999	27617
0	38.48461	1.43999	27632
0	38.48461	1.43999	27650
0	38.48461	1.43999	27664
0	38.48461	1.43999	27682
0	38.48461	1.43999	27700
1	39.24513	1.43999	27716
1	38.97445	1.43999	27731
1	38.13041	1.43999	27749
1	38.60921	1.43999	27764
1	39.57601	1.43999	27781
1	39.36482	1.43999	27796
1	38.38388	1.43999	27814
1	39.02427	1.43999	27829
1	38.63409	1.43999	27847
1	38.54443	1.43999	27862
1	38.53593	1.43999	27880
1	40.38562	1.43999	27895
1	39.87937	1.43999	27913
1	38.77896	1.43999	27927
1	38.54622	1.43999	27946
1	39.63618	1.43999	27961
1	39.57385	1.43999	27979
1	39.52543	1.43999	27994
1	38.98355	1.43999	28009
1	39.52817	1.43999	28027
1	38.31536	1.43999	28042
1	38.19205	1.43999	28059
1	39.23726	1.43999	28077
1	39.23574	1.43999	28092
1	38.14030	1.43999	28110
1	36.85699	1.43999	28124
1	36.62465	1.43999	28142
1	37.25304	1.43999	28160
1	36.50445	1.43999	28174
1	36.40017	1.43999	28191
1	37.28363	1.43999	28206
1	37.08004	1.43999	28224
1	36.92083	1.43999	28242
1	37.29010	1.43999	28259
1	37.67212	1.43999	28273
1	36.52396	1.43999	28291
1	36.27450	1.43999	28308
1	37.41663	1.43999	28323
1	36.83651	1.43999	28341
1	37.87541	1.43999	28356
1	37.54513	1.43999	28371
1	36.62125	1.43999	28389
1	37.00321	1.43999	28404
1	36.70382	1.43999	28422
1	36.66902	1.43999	28438
1	37.81312	1.43999	28456
1	37.17337	1.43999	28471
1	37.34958	1.43999	28486
1	8.57004	1.43999	28504
1	44.21981	1.43999	28519
1	37.25897	1.43999	28537
1	37.29140	1.43999	28554
1	39.46642	1.43999	28569
1	39.03747	1.43999	28584
1	4.50110	1.43999	28601
1	37.14787	1.43999	28619
1	39.03655	1.43999	28633
1	39.94963	1.43999	28651
1	39.72602	1.43999	28667
1	40.20075	1.43999	28685
1	39.13240	1.43999	28700
1	38.48658	1.43999	28718
1	38.47404	1.43999	28733
1	38.57410	1.43999	28751
1	38.76129	1.43999	28766
1	38.48218	1.43999	28784
1	38.54208	1.43999	28799
1	38.62391	1.43999	28817
1	38.87983	1.43999	28831
1	39.12954	1.43999	28849
1	39.47240	1.43999	28864
1	38.81973	1.43999	28882
1	38.10662	1.43999	28899
1	38.26175	1.43999	28914
1	37.74644	1.43999	28932
1	38.15062	1.43999	28946
1	37.75389	1.43999	28964
1	37.80098	1.43999	28979
1	37.68709	1.43999	28997
1	38.43250	1.43999	29012
1	38.23252	1.43999	29030
1	37.64110	1.43999	29045
1	37.28626	1.43999	29062
1	37.65033	1.43999	29077
1	37.11754	1.43999	29095
1	38.01787	1.43999	29112
1	37.76887	1.43999	29127
1	37.41046	1.43999	29145
1	37.87959	1.43999	29160
1	36.87050	1.43999	29177
1	36.95039	1.43999	29194
1	37.56067	1.43999	29209
1	37.44175	1.43999	29227
1	36.79179	1.43999	29242
1	37.73049	1.43999	29260
1	38.16940	1.43999	29276
1	28.79340	1.43999	29291
1	37.22726	1.43999	29309
1	37.15483	1.43999	29324
1	37.03601	1.43999	29342
1	37.04940	1.43999	29357
1	12.24840	1.43999	29376
1	21.07810	1.43999	29390
1	34.19467	1.43999	29408
1	9.96944	1.43999	29426
1	34.05795	1.43999	29441
1	33.28040	1.43999	29456
1	37.79653	1.43999	29474
1	37.36039	1.43999	29489
1	37.15981	1.43999	29507
1	37.45573	1.43999	29522
1	36.46753	1.43999	29540
1	36.96992	1.43999	29555
1	36.60620	1.43999	29573
1	37.27281	1.43999	29588
1	37.45860	1.43999	29603
1	37.06382	1.43999	29621
1	37.27369	1.43999	29639
1	37.29831	1.43999	29654
1	37.21120	1.43999	29669
1	37.07148	1.43999	29687
1	36.83847	1.43999	29702
1	37.04215	1.43999	29720
1	36.52773	1.43999	29735
1	37.09982	1.43999	29753
1	36.43702	1.43999	29768
1	36.46563	1.43999	29786
1	36.01940	1.43999	29801
1	35.02193	1.43999	29817
1	35.02412	1.43999	29835
1	35.14403	1.43999	29850
1	35.53042	1.43999	29868
1	34.69214	1.43999	29883
1	35.22366	1.43999	29901
1	36.01274	1.43999	29915
1	35.06690	1.43999	29933
1	35.57080	1.43999	29948
1	35.96924	1.43999	29966
1	35.71051	1.43999	29981
1	35.33872	1.43999	29999
1	35.88339	1.43999	30014
1	35.82394	1.43999	30032
1	35.85228	1.43999	30047
1	35.94595	1.43999	30066
1	35.18454	1.43999	30080
1	35.28865	1.43999	30098
1	35.85309	1.43999	30113
1	35.41733	1.43999	30131
1	35.77296	1.43999	30146
1	36.14033	1.43999	30164
1	36.03534	1.43999	30179
1	35.57886	1.43999	30197
1	35.48615	1.43999	30212
1	35.67891	1.43999	30227
1	35.63062	1.43999	30245
1	35.30358	1.43999	30260
1	34.57032	1.43999	30278
1	35.38227	1.43999	30293
1	35.27653	1.43999	30311
1	34.17233	1.43999	30326
1	35.06549	1.43999	30344
1	35.59369	1.43999	30359
1	34.89791	1.43999	30377
1	34.66979	1.43999	30392
1	35.08524	1.43999	30410
1	35.14274	1.43999	30425
1	34.69620	1.43999	30443
1	35.06253	1.43999	30458
1	35.21157	1.43999	30476
1	34.17231	1.43999	30491
1	35.13000	1.43999	30509
1	35.06195	1.43999	30524
1	35.12337	1.43999	30542
1	35.40936	1.43999	30557
1	35.76100	1.43999	30573
1	35.75120	1.43999	30591
1	35.72831	1.43999	30606
1	35.87718	1.43999	30624
1	35.63404	1.43999	30639
1	36.22703	1.43999	30657
1	35.84399	1.43999	30671
1	35.19413	1.43999	30689
1	36.24154	1.43999	30704
1	35.87613	1.43999	30721
1	35.88193	1.43999	30739
1	36.36592	1.43999	30754
1	36.18291	1.43999	30769
1	36.11456	1.43999	30787
1	36.17960	1.43999	30802
1	36.19270	1.43999	30819
1	36.36270	1.43999	30837
1	36.61000	1.43999	30852
1	36.33464	1.43999	30871
1	36.22900	1.43999	30886
1	37.23230	1.43999	30901
1	36.81876	1.43999	30918
1	36.77800	1.43999	30936
1	37.11149	1.43999	30951
1	36.56154	1.43999	30969
1	35.43464	1.43999	30984
1	36.45697	1.43999	31002
1	36.30554	1.43999	31017
1	36.10398	1.43999	31035
1	36.25824	1.43999	31050
1	36.07497	1.43999	31068
1	35.68728	1.43999	31083
1	35.72581	1.43999	31098
1	36.02396	1.43999	31116
1	35.43241	1.43999	31131
1	35.67199	1.43999	31149
1	36.17570	1.43999	31164
1	36.25502	1.43999	31181
1	35.18748	1.43999	31197
1	35.77447	1.43999	31214
1	36.71697	1.43999	31230
1	36.24670	1.43999	31248
1	35.79072	1.43999	31263
1	36.99170	1.43999	31281
1	36.78892	1.43999	31296
1	7.58837	1.43999	31315
1	34.62392	1.43999	31327
1	36.74339	1.43999	31345
1	37.29910	1.43999	31363
1	36.80030	1.38763	31378
1	37.69120	1.33527	31396
1	37.08004	1.28290	31411
1	36.75938	1.23054	31426
1	37.76391	1.17817	31444
1	38.63205	1.12581	31459
1	37.83879	1.07345	31477
1	38.12976	1.02108	31494
1	37.71163	0.96872	31511
1	37.86297	0.91636	31526
1	38.62696	0.86399	31544
1	6.55353	0.81163	31559
1	33.49927	0.75927	31574
1	38.14375	0.70690	31591
1	37.18439	0.65454	31609
1	38.69827	0.65454	31624
1	37.95314	0.65454	31642
1	38.16551	0.65454	31657
1	37.66420	0.65454	31675
1	38.24749	0.65454	31691
1	38.27657	0.65454	31706
1	37.84272	0.65454	31724
1	36.95353	0.65454	31741
1	37.74931	0.65454	31756
1	38.12029	0.65454	31771
1	37.86284	0.65454	31789
1	37.26038	0.65454	31804
1	38.12973	0.65454	31822
1	38.63082	0.65454	31839
1	37.48737	0.65454	31854
1	38.63749	0.65454	31872
1	37.61096	0.65454	31889
1	37.94667	0.65454	31904
1	37.80293	0.65454	31922
1	38.34599	0.65454	31937
1	39.31837	0.65454	31955
1	38.98508	0.65454	31969
1	38.89825	0.65454	31987
1	37.82177	0.65454	32002
1	38.78921	0.65454	32018
1	39.08956	0.65454	32036
1	38.16022	0.65454	32051
1	38.82917	0.85090	32068
1	39.33783	1.04727	32086
1	38.48395	1.24363	32100
1	39.42284	1.43999	32118
1	39.38128	1.63636	32133
1	38.60933	1.83272	32151
1	39.78940	2.02908	32166
1	38.26688	2.22545	32183
1	39.42615	2.42181	32201
1	39.42373	2.61817	32216
1	39.22821	2.81454	32231
1	39.01180	3.01090	32249
1	39.18999	3.20727	32264
1	38.65627	3.40363	32282
1	39.25064	3.59999	32297
1	38.33367	3.59999	32316
1	39.11629	3.59999	32331
1	39.09881	3.59999	32348
1	40.09177	3.59999	32363
1	38.31908	3.59999	32381
1	39.01030	3.59999	32396
1	38.43715	3.59999	32414
1	38.33691	3.59999	32429
1	39.20581	3.59999	32447
1	38.97433	3.59999	32462
1	39.23318	3.59999	32480
1	38.45741	3.59999	32495
1	39.38338	3.59999	32513
1	39.93449	3.59999	32528
1	39.46529	3.59999	32546
1	39.78135	3.59999	32561
1	38.87119	3.59999	32579
1	39.58919	3.59999	32594
1	39.38743	3.59999	32612
1	40.00691	3.59999	32627
1	37.64433	3.59999	32643
1	38.09697	3.59999	32661
1	38.69558	3.59999	32675
1	39.38720	3.59999	32692
1	39.11031	3.59999	32710
1	38.44422	3.59999	32725
1	40.08846	3.59999	32743
1	38.81927	3.59999	32758
1	38.27934	3.59999	32776
1	38.86307	3.59999	32791
1	38.53101	3.59999	32809
1	39.35248	3.59999	32824
1	39.61073	3.59999	32842
1	37.63803	3.59999	32857
1	38.87978	3.59999	32875
1	40.04841	3.59999	32890
1	38.91821	3.59999	32908
1	38.58823	3.59999	32923
1	39.23539	3.59999	32941
1	38.19086	3.59999	32956
1	35.18377	3.59999	32973
1	21.58007	3.59999	32988
1	23.34266	3.59999	33006
0	23.34266	3.59999	33021
0	23.34266	3.59999	33039
0	23.34266	3.59999	33056
0	23.34266	3.59999	33071
0	23.34266	3.59999	33089
0	23.34266	3.59999	33107
0	23.34266	3.59999	33122
1	19.66543	3.59999	33139
1	6.41885	3.59999	33153
1	37.88303	3.59999	33171
1	8.16643	3.59999	33186
1	34.92155	3.59999	33201
1	3.51031	3.59999	33219
1	8.37668	3.59999	33237
1	4.48919	3.59999	33252
1	7.91424	3.59999	33267
0	7.91424	3.59999	33285
1	9.06047	3.59999	33300
0	9.06047	3.59999	33318
