1	140
1	156
1	171
1	187
1	203
1	218
1	250
1	265
1	281
1	296
1	312
1	328
1	343
1	359
1	375
1	390
1	406
1	421
1	437
1	453
1	468
1	484
1	500
1	515
1	531
1	546
1	578
1	593
1	609
1	625
1	640
1	656
1	671
1	687
1	703
1	718
1	734
1	750
1	765
1	781
1	796
1	812
1	828
1	843
1	859
1	890
1	906
1	925
1	925
1	941
1	957
1	988
1	1004
1	1019
1	1035
1	1050
1	1066
1	1082
1	1097
1	1113
1	1129
1	1144
1	1160
1	1175
1	1191
1	1207
1	1222
1	1238
1	1254
1	1269
1	1300
1	1316
1	1332
1	1348
1	1366
1	1382
1	1397
1	1413
1	1428
1	1444
1	1460
1	1475
1	1491
1	1507
1	1522
1	1538
1	1553
1	1569
1	1585
1	1600
1	1616
1	1632
1	1647
1	1678
1	1694
1	1710
1	1725
1	1741
0	1757
0	1772
0	1788
0	1803
0	1819
0	1835
0	1850
0	1866
0	1882
0	1897
1	1928
1	1928
1	1944
1	1960
1	1991
1	2007
1	2022
1	2038
1	2054
1	2069
1	2085
1	2100
1	2116
1	2132
1	2147
1	2163
1	2179
1	2194
1	2210
1	2225
1	2241
1	2257
1	2272
1	2288
1	2319
1	2335
1	2350
1	2366
1	2382
1	2397
1	2413
1	2429
1	2444
1	2460
1	2475
1	2491
1	2507
1	2522
1	2538
1	2554
1	2569
1	2585
1	2600
1	2616
1	2647
1	2663
1	2679
1	2694
1	2710
1	2725
1	2741
1	2757
1	2772
1	2788
1	2804
1	2819
1	2835
1	2850
1	2866
1	2882
1	2897
1	2913
1	2929
1	2960
1	2975
1	2991
1	3007
1	3022
1	3038
1	3054
1	3069
1	3085
1	3100
1	3116
1	3132
1	3147
1	3163
1	3179
1	3194
1	3210
1	3225
1	3241
1	3257
1	3288
1	3304
1	3319
1	3335
1	3350
1	3366
1	3382
1	3397
1	3413
1	3429
1	3444
1	3460
1	3475
1	3491
1	3507
1	3522
1	3538
1	3554
1	3569
1	3600
1	3616
1	3632
1	3635
1	3659
1	3675
1	3690
1	3706
1	3722
1	3737
1	3753
1	3769
1	3784
1	3800
1	3815
1	3847
1	3862
1	3878
1	3894
1	3909
1	3925
1	3940
1	3956
1	3972
1	3987
1	4003
1	4019
1	4034
1	4050
1	4065
1	4081
1	4097
1	4112
1	4128
1	4159
1	4175
1	4190
1	4206
1	4222
1	4237
1	4253
1	4269
1	4284
1	4300
1	4316
1	4331
1	4347
1	4362
1	4378
1	4394
1	4409
1	4425
1	4441
1	4456
1	4487
1	4503
1	4519
1	4534
1	4550
1	4566
1	4581
1	4597
1	4612
1	4628
1	4644
1	4659
1	4675
1	4691
1	4706
1	4722
1	4737
1	4753
1	4769
1	4800
1	4816
1	4831
1	4847
1	4862
1	4878
1	4894
1	4909
1	4928
1	4959
1	4962
1	4968
1	4984
1	5002
1	5023
1	5045
1	5048
1	5064
1	5084
1	5099
1	5118
1	5132
1	5146
1	5164
1	5179
1	5199
1	5215
1	5230
1	5246
1	5262
1	5280
1	5301
1	5317
1	5332
1	5348
1	5364
1	5379
1	5395
1	5411
1	5426
1	5442
1	5473
1	5489
1	5504
1	5520
1	5536
1	5551
1	5567
1	5582
1	5598
1	5614
1	5627
1	5640
1	5660
1	5675
1	5693
1	5708
0	5723
0	5742
0	5760
0	5775
0	5791
0	5808
0	5824
0	5841
0	5865
0	5881
0	5896
0	5912
1	5928
1	5936
1	5951
1	5969
1	5986
1	6001
1	6018
1	6043
1	6059
1	6075
1	6090
1	6103
1	6118
1	6133
1	6149
1	6166
1	6181
1	6200
1	6215
1	6236
1	6248
1	6266
1	6284
1	6300
1	6316
1	6331
1	6347
1	6362
1	6378
1	6396
1	6411
1	6429
1	6446
1	6461
1	6479
1	6496
1	6511
1	6534
1	6549
1	6565
1	6580
1	6593
1	6610
1	6625
1	6643
1	6658
1	6684
1	6699
1	6715
1	6731
1	6746
1	6762
1	6778
1	6793
1	6809
1	6824
1	6840
1	6856
1	6871
1	6889
1	6904
1	6922
1	6939
1	6954
1	6975
1	6991
1	7006
1	7022
1	7038
1	7053
1	7069
1	7100
1	7116
1	7131
1	7147
1	7163
1	7178
1	7194
1	7210
1	7225
1	7241
1	7256
1	7272
1	7284
1	7301
1	7317
1	7333
1	7348
1	7364
1	7395
1	7411
1	7427
1	7445
1	7461
1	7476
1	7492
1	7507
1	7523
1	7539
1	7554
1	7570
1	7586
1	7601
1	7617
1	7632
1	7648
1	7664
1	7679
1	7695
1	7711
1	7726
1	7742
1	7773
1	7789
1	7804
1	7820
1	7836
1	7851
1	7867
1	7882
1	7898
1	7914
1	7929
1	7945
1	7961
1	7976
1	7992
1	8007
1	8023
1	8039
1	8054
1	8086
1	8101
1	8117
1	8132
1	8148
1	8164
1	8179
1	8195
1	8211
1	8226
1	8242
1	8257
1	8270
1	8285
1	8300
1	8317
1	8335
1	8354
1	8368
1	8383
1	8401
1	8416
1	8433
1	8451
1	8466
1	8481
1	8499
1	8514
1	8532
1	8548
1	8565
1	8580
1	8598
1	8615
1	8631
1	8646
1	8663
1	8681
0	8694
0	8715
0	8734
0	8748
0	8766
0	8781
0	8799
0	8813
0	8831
0	8846
0	8864
0	8879
1	8897
1	8909
1	8928
1	8941
1	8959
1	8974
1	8992
1	9008
1	9025
1	9040
1	9058
1	9073
1	9091
1	9106
1	9123
1	9139
1	9155
1	9173
1	9188
1	9207
1	9222
1	9239
1	9254
1	9271
1	9289
1	9304
1	9321
1	9336
1	9353
1	9370
1	9385
1	9405
1	9420
1	9438
1	9453
1	9468
1	9486
1	9501
1	9516
1	9534
1	9551
1	9567
1	9583
1	9598
1	9616
1	9643
1	9658
1	9674
1	9689
1	9705
1	9721
1	9736
1	9752
1	9768
1	9783
1	9799
1	9814
1	9830
1	9846
1	9861
1	9879
1	9894
1	9912
1	9928
1	9945
1	9960
1	9978
1	9993
1	10011
1	10026
1	10044
1	10059
1	10074
1	10092
1	10110
1	10126
1	10142
1	10157
1	10175
1	10190
1	10208
1	10223
1	10241
1	10255
1	10275
1	10290
1	10305
1	10323
1	10338
1	10356
1	10371
1	10402
1	10418
1	10434
1	10449
1	10465
1	10480
1	10496
1	10512
1	10527
1	10543
1	10559
1	10574
1	10590
1	10605
1	10621
1	10637
1	10652
1	10668
1	10684
1	10699
1	10730
1	10746
1	10762
1	10777
1	10793
1	10809
1	10824
1	10840
1	10855
1	10871
1	10887
1	10902
1	10918
1	10934
1	10947
1	10962
1	10980
1	10995
1	11013
1	11028
1	11046
1	11061
1	11078
1	11093
1	11111
1	11126
1	11144
1	11159
1	11177
1	11192
1	11211
1	11226
1	11241
1	11260
1	11275
1	11293
1	11311
1	11327
1	11341
1	11356
1	11373
1	11390
1	11407
1	11424
1	11439
1	11456
1	11481
1	11497
1	11512
1	11528
1	11544
1	11559
1	11575
1	11591
1	11606
1	11622
1	11637
1	11653
1	11669
1	11684
1	11714
1	11721
1	11735
1	11753
1	11768
1	11783
1	11801
1	11816
1	11834
1	11852
1	11867
1	11882
1	11899
1	11917
1	11932
1	11947
1	11966
1	11980
1	11998
1	12013
1	12030
1	12048
1	12063
1	12081
1	12097
1	12112
1	12130
1	12145
1	12164
1	12179
1	12197
1	12212
1	12227
1	12245
1	12261
1	12276
1	12308
1	12323
1	12339
1	12345
1	12362
1	12377
0	12392
0	12413
0	12428
0	12445
0	12460
0	12478
0	12493
0	12511
0	12526
0	12544
0	12558
0	12576
1	12594
1	12606
1	12621
1	12639
1	12654
1	12672
1	12689
0	12704
0	12722
0	12739
0	12754
0	12772
0	12787
0	12804
0	12819
0	12837
0	12852
1	12880
1	12896
1	12911
1	12927
1	12942
1	12958
1	12974
1	12989
1	13005
1	13021
1	13036
1	13052
1	13067
1	13082
1	13100
1	13115
1	13133
1	13149
1	13164
1	13182
1	13197
1	13215
1	13230
1	13247
1	13262
1	13280
1	13295
1	13311
1	13329
1	13345
1	13360
1	13391
1	13407
1	13423
1	13438
1	13454
1	13470
1	13485
1	13501
1	13517
1	13532
1	13548
1	13563
1	13579
1	13591
1	13606
1	13624
1	13641
1	13656
1	13673
1	13692
1	13707
1	13724
1	13739
1	13757
1	13771
1	13790
1	13805
1	13823
1	13838
1	13855
1	13870
1	13888
1	13902
1	13920
1	13935
1	13952
1	13970
1	13985
1	14003
1	14018
1	14036
1	14051
1	14066
1	14084
1	14100
1	14120
1	14135
1	14151
1	14166
1	14182
1	14213
1	14229
1	14245
1	14260
1	14276
1	14282
1	14310
1	14325
1	14341
1	14357
1	14372
1	14388
1	14403
1	14419
1	14435
1	14450
1	14466
1	14482
1	14497
1	14513
1	14528
1	14544
1	14560
1	14591
1	14607
1	14622
1	14638
1	14653
1	14669
1	14685
1	14700
1	14716
1	14732
1	14747
1	14763
1	14778
1	14794
1	14810
1	14825
1	14841
1	14857
1	14872
1	14903
1	14919
1	14935
1	14950
1	14966
1	14982
1	14997
1	15013
1	15028
1	15044
1	15060
1	15075
1	15091
1	15107
1	15122
1	15138
1	15153
1	15169
1	15185
1	15200
1	15232
1	15247
1	15263
1	15278
1	15294
1	15310
1	15325
1	15341
1	15357
1	15372
1	15388
1	15403
1	15419
1	15435
1	15450
1	15466
0	15482
0	15513
0	15528
0	15544
0	15560
0	15575
0	15591
0	15607
0	15622
0	15638
0	15653
0	15669
0	15685
1	15700
1	15716
1	15732
1	15747
1	15763
1	15778
1	15794
1	15810
1	15825
1	15841
1	15872
1	15888
1	15903
1	15919
1	15935
1	15950
1	15966
1	15982
1	15997
1	16013
1	16028
1	16044
1	16060
1	16075
1	16091
1	16107
1	16122
1	16138
1	16153
1	16185
1	16200
1	16216
1	16232
1	16247
1	16263
1	16278
1	16294
1	16310
1	16325
1	16341
1	16357
1	16372
1	16388
1	16403
1	16419
1	16435
1	16450
1	16466
1	16482
1	16513
1	16528
1	16544
1	16560
1	16575
1	16591
1	16607
1	16622
1	16638
1	16653
1	16669
1	16685
1	16700
1	16716
1	16732
1	16747
1	16763
1	16778
1	16794
1	16825
1	16841
1	16857
1	16872
1	16888
1	16903
1	16919
1	16935
1	16950
1	16966
1	16982
1	16997
1	17013
1	17029
1	17044
1	17060
1	17075
1	17091
1	17107
1	17122
1	17154
1	17169
1	17185
1	17200
1	17216
1	17232
1	17247
1	17263
1	17279
1	17294
1	17310
1	17325
1	17341
1	17357
1	17372
1	17388
1	17404
1	17419
1	17435
1	17466
1	17482
1	17497
1	17513
1	17529
1	17544
1	17560
1	17575
1	17591
1	17607
1	17622
1	17638
1	17654
1	17669
1	17685
1	17700
1	17716
1	17732
1	17747
1	17763
1	17794
1	17810
1	17825
1	17841
1	17857
1	17872
1	17888
1	17904
1	17919
1	17935
1	17950
1	17966
1	17982
1	17997
1	18013
1	18029
1	18044
1	18060
1	18075
1	18107
1	18122
1	18138
1	18154
1	18169
1	18185
1	18200
1	18216
1	18232
1	18247
1	18263
1	18272
1	18300
1	18306
1	18326
1	18342
1	18358
1	18373
1	18389
1	18405
1	18420
1	18451
1	18467
1	18483
1	18498
1	18514
1	18530
1	18545
1	18561
1	18576
1	18592
1	18608
1	18623
1	18639
1	18655
1	18670
1	18686
1	18701
1	18717
1	18733
1	18764
1	18780
1	18795
1	18811
1	18826
1	18842
1	18858
1	18873
1	18889
1	18905
1	18920
1	18936
1	18951
1	18967
1	18983
1	18998
1	19014
0	19030
0	19061
0	19076
0	19092
0	19108
0	19123
0	19139
0	19155
0	19170
0	19186
0	19201
0	19217
0	19233
1	19248
1	19264
1	19280
1	19295
1	19311
1	19326
1	19342
1	19358
1	19373
1	19405
1	19420
1	19436
1	19451
1	19467
1	19481
1	19489
1	19506
1	19523
1	19538
1	19556
1	19571
1	19586
1	19605
1	19621
1	19636
1	19654
1	19669
1	19687
1	19702
1	19720
1	19735
1	19753
1	19768
1	19786
1	19803
1	19818
1	19834
1	19851
1	19868
1	19884
1	19901
1	19915
1	19933
1	19948
1	19966
1	19981
1	19999
1	20016
1	20032
1	20047
1	20063
1	20084
1	20098
1	20113
1	20129
1	20146
1	20164
1	20178
1	20196
1	20211
1	20229
1	20244
1	20276
1	20292
1	20307
1	20323
1	20339
1	20354
1	20370
1	20386
1	20394
1	20423
1	20439
1	20455
1	20470
1	20486
1	20502
1	20522
1	20537
1	20553
1	20569
1	20584
1	20600
1	20608
1	20623
1	20638
1	20656
1	20671
1	20689
1	20704
1	20722
1	20737
1	20755
1	20770
1	20788
1	20803
1	20821
1	20837
1	20852
1	20870
1	20885
1	20903
1	20919
1	20935
1	20984
1	20988
1	20992
1	21000
1	21019
1	21034
1	21049
1	21067
1	21085
1	21102
1	21117
1	21133
1	21149
1	21167
1	21182
1	21197
1	21215
1	21230
1	21247
1	21265
1	21280
1	21295
1	21313
1	21331
1	21346
1	21361
1	21392
1	21408
1	21411
1	21430
1	21444
1	21462
1	21492
1	21495
1	21523
1	21539
1	21554
1	21570
1	21586
1	21608
1	21608
1	21639
1	21655
1	21670
1	21686
1	21693
1	21707
1	21723
1	21741
1	21759
1	21774
0	21789
0	21810
0	21825
0	21840
0	21863
0	21876
0	21893
0	21908
0	21923
0	21941
0	21956
0	21974
0	21989
0	22007
1	22022
1	22034
1	22052
1	22067
1	22084
1	22102
1	22116
1	22134
1	22151
1	22166
1	22184
1	22200
1	22218
1	22233
1	22250
1	22265
1	22283
1	22299
1	22323
1	22332
1	22347
1	22369
1	22385
1	22400
1	22416
1	22432
1	22448
1	22466
1	22481
1	22495
1	22511
1	22542
1	22558
1	22574
1	22589
1	22605
1	22620
1	22636
1	22644
1	22660
1	22689
1	22705
1	22720
1	22736
1	22752
1	22769
1	22785
1	22800
1	22816
1	22831
1	22847
1	22863
1	22880
1	22891
1	22906
1	22924
1	22939
1	22957
1	22972
1	22989
1	23004
1	23022
1	23037
1	23053
1	23074
1	23089
1	23105
1	23122
1	23138
1	23154
1	23169
1	23185
1	23216
1	23232
1	23247
1	23263
1	23279
1	23294
1	23310
1	23326
1	23334
1	23349
1	23366
1	23384
1	23399
1	23418
1	23433
1	23449
1	23464
1	23481
1	23498
1	23528
1	23543
1	23559
1	23575
1	23590
1	23606
1	23621
1	23637
1	23653
1	23668
1	23684
1	23700
1	23715
1	23731
1	23746
1	23762
1	23778
1	23793
1	23817
1	23832
1	23844
1	23859
1	23889
1	23904
1	23920
1	23936
1	23952
1	23969
1	23985
1	24001
1	24008
1	24025
1	24040
1	24056
1	24071
1	24092
1	24106
1	24121
1	24139
1	24155
1	24171
1	24187
1	24205
1	24222
1	24237
1	24253
1	24269
1	24300
1	24303
1	24320
1	24342
1	24357
1	24373
1	24389
1	24404
1	24420
1	24436
1	24451
1	24467
1	24482
1	24514
1	24529
1	24545
1	24561
1	24576
1	24592
1	24597
1	24615
1	24630
1	24661
1	24677
1	24693
1	24708
1	24724
1	24740
1	24755
1	24771
1	24787
1	24796
1	24813
1	24840
1	24846
1	24861
1	24878
1	24893
1	24914
1	24929
1	24945
1	24962
1	24977
1	24993
1	25011
1	25026
1	25041
1	25060
1	25074
1	25092
1	25110
1	25124
1	25142
1	25157
1	25172
1	25190
1	25205
1	25223
1	25238
1	25256
1	25274
1	25289
1	25307
1	25324
1	25339
1	25354
1	25372
1	25387
1	25405
1	25420
1	25437
1	25452
1	25470
1	25487
1	25502
1	25520
1	25542
1	25553
1	25578
1	25586
1	25601
1	25619
1	25634
1	25649
1	25666
1	25683
1	25701
1	25716
1	25731
1	25749
1	25766
1	25780
1	25798
1	25814
1	25829
1	25847
1	25864
1	25879
1	25898
1	25912
1	25931
1	25945
1	25963
1	25981
1	25996
1	26011
1	26029
1	26044
1	26062
1	26077
1	26095
1	26110
1	26128
1	26143
1	26161
1	26176
1	26191
1	26209
1	26224
1	26242
1	26260
1	26274
1	26292
1	26306
1	26323
1	26341
1	26357
1	26374
1	26389
1	26407
1	26422
1	26439
1	26454
1	26472
1	26487
1	26505
1	26520
1	26539
1	26552
1	26569
1	26588
1	26603
1	26620
1	26635
1	26651
1	26669
1	26684
1	26702
1	26717
1	26735
1	26750
1	26768
1	26783
1	26800
1	26817
1	26832
1	26851
1	26866
1	26884
1	26899
1	26917
1	26932
1	26948
1	26963
1	26980
1	26996
1	27014
1	27029
1	27047
1	27063
1	27080
1	27095
1	27113
1	27127
1	27144
1	27162
1	27180
1	27195
1	27210
1	27228
1	27246
1	27261
1	27277
1	27294
1	27309
1	27327
1	27342
1	27360
1	27375
1	27393
1	27408
1	27426
1	27441
1	27456
1	27475
1	27489
1	27507
1	27522
1	27540
1	27555
1	27573
1	27590
1	27605
1	27623
1	27639
1	27655
1	27670
1	27687
1	27702
1	27720
1	27738
1	27753
1	27770
1	27785
1	27803
1	27818
1	27836
1	27852
1	27869
1	27884
1	27902
1	27917
1	27936
1	27951
1	27966
1	27982
1	28000
1	28015
1	28033
1	28047
1	28065
1	28080
1	28099
1	28114
1	28132
1	28146
1	28164
1	28182
1	28197
1	28212
1	28230
1	28245
1	28263
1	28281
1	28296
1	28311
1	28329
1	28345
1	28360
1	28378
1	28393
1	28411
1	28426
1	28444
1	28460
1	28477
1	28492
1	28510
1	28525
1	28543
1	28558
1	28577
1	28592
1	28607
1	28625
1	28640
1	28658
1	28673
1	28688
1	28706
1	28724
1	28739
1	28754
1	28772
1	28788
1	28803
1	28821
1	28837
1	28856
1	28870
1	28888
1	28903
1	28918
1	28936
1	28951
1	28967
1	28985
1	29000
1	29018
1	29033
1	29051
1	29066
1	29084
1	29099
1	29117
1	29132
1	29149
1	29167
1	29182
1	29197
1	29215
1	29233
1	29247
1	29265
1	29280
1	29298
1	29313
1	29331
1	29346
1	29363
1	29381
1	29396
1	29414
1	29428
1	29446
1	29461
1	29479
1	29494
1	29519
1	29533
1	29557
1	29564
1	29579
1	29592
1	29610
1	29625
1	29641
1	29667
1	29676
1	29691
1	29709
1	29725
1	29741
1	29756
1	29775
1	29789
1	29807
1	29832
1	29843
1	29856
1	29871
1	29889
1	29904
1	29923
1	29938
1	29962
1	29974
1	29986
1	30010
1	30020
1	30038
1	30058
1	30068
1	30088
1	30103
1	30121
1	30133
1	30151
1	30166
1	30184
1	30199
1	30217
1	30232
1	30250
1	30265
1	30282
1	30302
1	30316
1	30338
1	30348
1	30366
1	30382
1	30399
1	30414
1	30432
1	30447
1	30465
1	30493
1	30499
1	30514
1	30529
1	30547
1	30562
1	30580
1	30596
1	30614
1	30628
1	30646
1	30661
1	30679
1	30695
1	30712
1	30727
1	30742
1	30760
1	30778
1	30793
1	30808
1	30826
1	30841
1	30859
1	30874
1	30892
1	30907
1	30925
1	30940
1	30958
1	30973
1	30991
1	31006
1	31021
1	31039
1	31057
1	31072
1	31087
1	31105
1	31120
1	31138
1	31153
1	31171
1	31186
1	31204
1	31219
1	31237
1	31252
1	31267
1	31285
1	31300
1	31318
1	31334
1	31351
1	31366
1	31384
1	31399
1	31418
1	31432
1	31450
1	31465
1	31483
1	31498
1	31516
1	31531
1	31546
1	31564
1	31580
1	31598
1	31614
1	31631
1	31646
1	31664
1	31682
1	31700
1	31715
1	31730
1	31745
1	31763
1	31778
1	31794
1	31811
1	31826
1	31844
1	31862
1	31877
1	31892
1	31910
1	31926
1	31945
1	31960
1	31976
1	31990
0	32008
0	32029
0	32044
0	32059
0	32080
0	32092
0	32110
0	32127
0	32143
0	32158
1	32179
1	32191
1	32206
1	32221
1	32239
1	32257
1	32273
1	32287
1	32307
1	32319
1	32337
1	32352
1	32370
1	32385
1	32403
1	32418
1	32436
1	32451
1	32469
1	32484
1	32502
1	32517
1	32532
1	32550
1	32565
1	32584
1	32598
1	32616
1	32631
1	32649
1	32664
1	32682
1	32697
1	32715
1	32730
1	32748
1	32766
1	32778
1	32796
1	32811
1	32829
1	32844
1	32862
1	32877
1	32896
1	32911
1	32929
1	32944
1	32962
1	32977
1	32995
1	33010
1	33025
1	33043
1	33061
1	33076
1	33091
1	33109
1	33128
1	33144
1	33160
1	33175
1	33191
1	33207
1	33223
1	33240
1	33255
1	33272
1	33289
1	33304
1	33336
1	33351
1	33357
1	33374
1	33386
1	33405
1	33423
0	33439
0	33456
0	33474
0	33489
0	33504
0	33522
0	33538
0	33554
0	33570
0	33601
0	33617
0	33632
0	33648
1	33663
1	33679
1	33695
1	33710
1	33726
1	33742
1	33757
1	33773
1	33788
1	33804
1	33820
1	33835
1	33851
1	33867
1	33882
1	33898
1	33913
1	33929
1	33945
1	33976
1	33992
1	34007
1	34023
1	34038
1	34054
1	34070
1	34085
1	34101
1	34117
1	34132
1	34148
1	34163
1	34179
1	34195
1	34210
1	34226
1	34242
1	34257
1	34288
1	34304
1	34320
1	34335
1	34351
1	34367
1	34382
1	34398
1	34413
1	34429
1	34445
1	34460
1	34476
1	34492
1	34507
1	34523
1	34539
1	34554
1	34570
1	34585
1	34617
1	34632
1	34648
1	34664
1	34679
1	34695
1	34710
1	34726
1	34742
1	34757
1	34773
1	34789
1	34804
1	34820
1	34835
1	34851
1	34867
1	34882
1	34898
1	34929
1	34945
1	34960
1	34976
1	34992
1	35007
1	35023
1	35039
1	35054
1	35070
1	35085
1	35101
1	35124
1	35139
1	35155
1	35170
1	35186
1	35202
1	35217
1	35233
1	35249
1	35264
1	35280
1	35295
1	35311
1	35327
1	35342
1	35358
1	35389
1	35405
1	35420
1	35436
1	35452
1	35467
1	35483
1	35499
1	35514
1	35530
1	35545
1	35561
1	35577
1	35592
1	35608
1	35624
1	35639
1	35655
1	35670
1	35686
1	35717
1	35733
1	35749
1	35764
1	35780
1	35795
1	35811
1	35827
1	35842
1	35858
1	35874
1	35889
1	35905
1	35920
1	35936
1	35952
1	35967
1	35983
1	35999
1	36030
1	36045
1	36061
1	36077
1	36092
1	36108
1	36124
1	36139
1	36155
1	36170
1	36186
1	36202
1	36217
1	36233
1	36249
1	36264
1	36280
1	36304
1	36320
1	36335
1	36351
1	36367
1	36414
1	36414
1	36429
1	36445
1	36461
0	36476
0	36507
0	36523
0	36539
0	36554
0	36570
0	36586
0	36601
0	36617
0	36632
0	36648
1	36664
1	36679
1	36695
1	36711
1	36726
1	36742
1	36757
1	36773
1	36789
1	36804
1	36820
1	36851
1	36867
1	36882
1	36898
1	36914
1	36929
1	36945
1	36961
1	36976
1	36992
1	37007
1	37023
1	37039
1	37054
1	37070
1	37086
1	37101
1	37117
1	37132
1	37164
1	37179
1	37195
1	37211
1	37226
1	37242
1	37257
1	37273
1	37289
1	37304
1	37320
1	37336
1	37351
1	37367
1	37382
1	37398
1	37414
1	37429
1	37445
1	37461
1	37492
1	37507
1	37523
1	37539
1	37554
1	37570
1	37586
1	37594
1	37608
1	37640
1	37655
1	37671
1	37686
1	37702
1	37718
1	37733
1	37749
1	37765
1	37780
1	37796
1	37811
1	37827
1	37843
1	37858
1	37874
1	37890
1	37905
1	37921
1	37952
1	37968
1	37983
1	37999
1	38015
1	38030
1	38046
1	38061
1	38077
1	38093
1	38108
1	38124
1	38140
1	38155
1	38171
1	38186
1	38202
1	38218
1	38233
1	38249
1	38280
1	38296
1	38311
1	38327
1	38343
1	38358
1	38374
1	38390
1	38405
1	38421
1	38436
1	38452
1	38468
1	38483
1	38499
1	38515
1	38530
1	38546
1	38561
1	38593
1	38608
1	38624
1	38640
1	38655
1	38671
1	38686
1	38702
1	38718
1	38733
1	38749
1	38765
1	38780
1	38796
1	38811
1	38827
1	38843
1	38858
1	38874
1	38905
1	38921
1	38936
1	38952
1	38968
1	38983
1	38999
1	39015
1	39030
1	39046
1	39061
1	39077
1	39093
1	39108
1	39124
1	39140
1	39155
1	39171
1	39186
1	39202
1	39233
1	39249
1	39265
1	39280
1	39296
1	39312
1	39327
1	39343
1	39358
1	39374
1	39390
1	39405
1	39421
1	39437
1	39452
1	39468
1	39483
1	39499
1	39515
1	39530
1	39562
1	39577
1	39593
1	39608
1	39624
1	39640
1	39649
1	39666
0	39678
0	39709
0	39724
0	39740
0	39755
0	39771
0	39787
0	39802
0	39818
0	39834
1	39849
1	39865
1	39881
1	39903
1	39918
1	39934
1	39950
1	39965
1	39981
1	40003
1	40018
1	40034
1	40050
1	40065
1	40081
1	40097
1	40112
1	40128
1	40143
1	40159
1	40175
1	40190
1	40206
1	40222
1	40237
1	40268
1	40284
1	40300
1	40316
1	40321
1	40338
1	40354
1	40370
1	40385
1	40416
1	40432
1	40448
1	40463
1	40479
1	40495
1	40510
1	40526
1	40542
1	40561
1	40577
1	40593
1	40608
1	40624
1	40640
1	40655
1	40671
1	40686
1	40702
1	40718
1	40733
1	40749
1	40765
1	40780
1	40800
1	40816
1	40831
1	40847
1	40862
1	40878
1	40894
1	40925
1	40941
1	40956
1	40972
1	40991
1	41007
1	41022
1	41038
1	41054
1	41069
1	41085
1	41100
1	41116
1	41132
1	41147
1	41163
1	41179
1	41194
1	41210
1	41225
1	41241
1	41257
1	41272
1	41304
1	41319
1	41335
1	41350
1	41366
1	41382
1	41397
1	41413
1	41429
1	41444
1	41460
1	41475
1	41491
1	41507
1	41522
1	41538
1	41554
1	41569
1	41585
1	41600
1	41633
1	41650
1	41681
1	41697
1	41712
1	41728
1	41744
1	41759
1	41775
1	41790
1	41806
1	41822
1	41837
1	41853
1	41869
1	41884
1	41900
1	41915
1	41931
1	41947
1	41962
1	41994
1	42009
1	42025
1	42040
1	42056
1	42072
1	42087
1	42103
1	42119
1	42134
1	42150
1	42165
1	42181
1	42197
1	42212
1	42228
1	42244
1	42260
1	42275
0	42290
0	42311
0	42326
0	42344
0	42359
0	42377
0	42399
0	42415
0	42431
0	42446
0	42462
0	42477
0	42493
1	42509
1	42524
1	42540
1	42556
1	42572
1	42588
1	42609
1	42625
1	42640
1	42656
1	42672
1	42687
1	42703
1	42719
1	42734
1	42765
1	42781
1	42797
1	42812
1	42828
1	42844
1	42859
1	42875
1	42890
1	42906
1	42922
1	42937
1	42953
1	42969
1	42984
1	43000
1	43015
1	43031
1	43047
1	43078
1	43094
1	43109
1	43125
1	43140
1	43156
1	43172
1	43187
1	43203
1	43219
1	43234
1	43250
1	43265
1	43281
1	43297
1	43312
1	43328
1	43344
1	43359
1	43375
1	43406
1	43422
1	43437
1	43453
1	43469
1	43484
1	43500
1	43507
1	43525
1	43541
1	43556
1	43572
1	43603
1	43619
1	43635
1	43650
1	43666
1	43681
1	43697
1	43713
1	43728
1	43744
1	43760
1	43775
1	43791
1	43806
1	43822
1	43838
1	43853
1	43869
1	43885
1	43900
1	43931
1	43947
1	43963
1	43978
1	43994
1	44010
1	44025
1	44041
1	44056
1	44072
1	44088
1	44103
1	44119
1	44135
1	44150
1	44166
1	44181
1	44197
1	44213
1	44231
1	44246
1	44264
1	44279
1	44296
1	44311
1	44342
1	44358
1	44374
1	44389
1	44405
1	44420
1	44436
1	44452
1	44467
1	44483
1	44499
1	44514
1	44530
1	44545
1	44561
1	44577
1	44592
1	44608
1	44624
1	44655
1	44670
1	44673
1	44691
1	44706
1	44727
1	44742
1	44758
1	44774
1	44789
1	44805
1	44820
1	44852
1	44867
1	44883
1	44899
0	44914
0	44930
0	44945
0	44961
0	44977
0	44992
0	45008
0	45024
0	45039
0	45055
0	45070
0	45086
0	45117
1	45133
1	45133
1	45164
1	45180
1	45195
1	45211
1	45227
1	45242
1	45258
1	45274
1	45289
1	45305
1	45320
1	45336
1	45352
1	45367
1	45383
1	45399
1	45414
1	45430
1	45446
1	45461
1	45492
1	45508
1	45524
1	45539
1	45555
1	45571
1	45586
1	45602
1	45617
1	45633
1	45649
1	45664
1	45680
1	45696
1	45711
1	45727
1	45742
1	45773
1	45804
1	45820
1	45836
1	45851
1	45867
1	45883
1	45898
1	45914
1	45929
1	45945
1	45961
1	45976
1	45992
1	46008
1	46023
1	46039
1	46054
1	46070
1	46086
1	46117
1	46133
1	46148
1	46164
1	46179
1	46195
1	46211
1	46226
1	46242
1	46258
1	46273
1	46289
1	46304
1	46320
1	46336
1	46351
1	46367
1	46383
1	46398
1	46414
1	46445
1	46461
1	46476
1	46492
1	46508
1	46523
1	46539
1	46554
1	46570
1	46586
1	46601
1	46617
1	46633
1	46648
1	46664
1	46679
1	46695
1	46711
1	46726
1	46758
1	46773
1	46789
1	46804
1	46820
1	46836
1	46851
1	46867
1	46883
1	46898
1	46914
1	46929
1	46945
1	46961
1	46976
1	46992
1	47008
1	47023
1	47039
1	47054
1	47086
1	47101
1	47117
1	47133
1	47148
1	47164
1	47179
1	47195
1	47211
1	47226
1	47242
1	47258
1	47273
1	47289
1	47304
1	47320
1	47336
1	47351
1	47367
1	47398
1	47414
1	47429
1	47445
1	47461
1	47476
1	47508
1	47523
1	47539
1	47554
1	47570
1	47586
1	47601
1	47617
1	47633
1	47648
1	47664
1	47679
1	47695
1	47726
1	47742
1	47758
1	47773
1	47789
1	47804
1	47820
1	47836
1	47851
1	47867
1	47883
1	47898
1	47914
1	47929
1	47945
1	47961
1	47976
1	47992
1	48008
1	48039
1	48054
1	48070
1	48086
1	48101
1	48117
1	48133
1	48148
1	48164
1	48179
1	48195
1	48211
1	48226
1	48242
1	48258
1	48273
1	48289
1	48305
1	48320
1	48336
1	48367
1	48383
1	48398
1	48414
1	48430
1	48445
1	48461
1	48476
1	48492
1	48508
1	48523
1	48539
1	48555
1	48570
1	48586
1	48601
1	48617
1	48633
1	48648
1	48680
1	48695
1	48711
1	48726
1	48742
1	48758
1	48773
1	48789
1	48805
1	48820
1	48836
1	48851
1	48867
1	48883
1	48898
1	48914
1	48930
1	48945
1	48961
1	48992
1	49008
1	49023
1	49039
1	49055
1	49070
1	49086
1	49101
1	49117
1	49133
1	49148
1	49164
1	49180
1	49195
1	49211
1	49226
1	49242
1	49258
1	49273
1	49289
1	49320
1	49336
1	49351
1	49367
1	49383
1	49398
1	49414
1	49430
1	49445
1	49461
1	49476
1	49492
1	49508
1	49523
1	49539
1	49555
1	49570
1	49586
1	49601
1	49633
1	49648
1	49664
1	49680
1	49695
1	49711
1	49726
1	49742
1	49758
1	49773
1	49789
1	49805
1	49820
1	49836
1	49851
1	49867
1	49883
1	49898
1	49914
1	49930
1	49961
1	49976
1	49992
1	50008
1	50023
1	50039
1	50055
1	50070
1	50086
1	50101
1	50117
1	50133
1	50146
1	50162
1	50179
1	50195
1	50210
1	50226
1	50242
1	50273
1	50289
1	50304
1	50320
1	50335
1	50351
1	50367
1	50382
1	50398
1	50414
1	50430
1	50447
1	50462
1	50478
1	50493
1	50509
1	50525
1	50541
1	50555
1	50570
1	50587
1	50618
1	50634
1	50650
1	50652
1	50670
1	50689
1	50705
1	50720
1	50736
0	50752
0	50783
0	50799
0	50814
0	50830
0	50845
0	50861
0	50877
0	50892
0	50908
0	50924
0	50940
0	50951
0	50969
0	50984
0	51012
0	51027
0	51043
0	51051
0	51080
0	51096
1	51111
1	51127
1	51143
1	51158
1	51174
1	51179
1	51197
1	51214
1	51230
1	51261
1	51277
1	51277
1	51308
1	51324
1	51339
1	51355
1	51370
1	51386
1	51402
1	51417
1	51433
1	51449
1	51464
1	51480
1	51496
1	51519
1	51535
1	51550
1	51566
1	51583
1	51590
1	51612
1	51627
1	51643
1	51658
1	51674
1	51690
1	51705
1	51721
1	51737
1	51768
1	51783
1	51799
1	51815
1	51830
1	51846
1	51862
1	51877
1	51893
1	51908
1	51924
1	51940
1	51955
1	51971
1	51987
1	52002
1	52018
1	52033
1	52049
1	52080
1	52096
1	52112
1	52127
1	52143
1	52158
1	52174
1	52190
1	52205
1	52221
1	52237
1	52252
1	52268
1	52284
1	52299
1	52315
1	52330
1	52346
1	52362
1	52377
1	52409
1	52424
1	52440
1	52455
1	52471
1	52487
1	52502
1	52518
1	52534
1	52549
1	52565
1	52580
1	52596
1	52612
1	52627
1	52643
1	52659
1	52674
1	52690
1	52721
1	52737
1	52752
1	52768
1	52784
1	52799
1	52815
1	52830
1	52846
1	52862
1	52877
1	52893
1	52909
1	52924
1	52940
1	52955
1	52971
1	52986
1	53008
1	53024
1	53039
1	53055
1	53071
1	53086
1	53102
1	53117
1	53133
1	53164
1	53180
1	53196
1	53211
1	53227
1	53242
1	53263
1	53273
1	53286
1	53297
1	53315
1	53330
1	53348
1	53363
1	53380
1	53396
1	53414
1	53435
1	53450
1	53466
1	53482
1	53497
1	53513
1	53529
1	53544
1	53575
1	53591
1	53607
1	53622
1	53638
1	53654
1	53669
1	53685
1	53700
1	53716
1	53732
1	53747
1	53763
1	53779
1	53794
1	53810
1	53826
1	53841
1	53857
1	53872
1	53904
1	53919
1	53935
1	53942
1	53969
0	53985
0	54001
0	54016
0	54032
0	54047
0	54063
0	54079
0	54094
0	54110
0	54126
0	54141
0	54157
0	54172
0	54188
0	54204
0	54235
0	54251
0	54266
0	54282
1	54297
1	54313
1	54329
1	54344
1	54353
1	54366
1	54384
1	54399
1	54414
1	54446
1	54461
1	54477
1	54492
1	54508
1	54524
1	54539
1	54555
1	54571
1	54586
1	54602
1	54617
1	54633
1	54649
1	54664
1	54680
1	54696
1	54711
1	54729
1	54749
1	54765
1	54780
1	54796
1	54812
1	54827
1	54842
1	54860
1	54875
1	54894
1	54910
1	54925
1	54941
1	54956
1	54988
1	55003
1	55019
1	55035
1	55050
1	55066
1	55081
1	55097
1	55113
1	55128
1	55144
1	55160
1	55175
1	55191
1	55207
1	55222
1	55238
1	55253
1	55271
1	55286
1	55301
1	55319
1	55334
1	55365
1	55381
1	55397
1	55412
1	55428
1	55444
1	55459
1	55475
1	55490
1	55506
1	55522
1	55537
1	55553
1	55569
1	55584
1	55600
1	55615
1	55631
1	55647
1	55666
1	55681
1	55699
1	55714
1	55729
1	55747
1	55762
1	55787
1	55796
1	55815
1	55829
1	55848
1	55862
1	55885
1	55893
1	55914
1	55935
1	55949
1	55963
1	55978
1	55993
1	56008
1	56026
1	56041
1	56060
1	56077
1	56094
1	56112
1	56125
1	56145
1	56159
1	56174
1	56192
1	56210
1	56231
1	56240
1	56255
1	56273
1	56292
1	56304
1	56324
1	56341
1	56363
1	56371
1	56386
1	56404
1	56419
1	56437
1	56452
1	56470
1	56488
1	56503
1	56519
1	56534
1	56553
1	56568
1	56584
1	56601
1	56616
1	56634
1	56649
1	56667
1	56682
1	56700
1	56715
1	56733
1	56754
1	56769
1	56781
1	56799
1	56814
1	56829
1	56847
1	56862
1	56893
0	56909
1	56925
0	56929
0	56947
0	56965
0	56982
0	56997
0	57015
0	57030
0	57048
0	57063
0	57078
0	57096
0	57111
0	57129
0	57146
0	57161
1	57180
1	57192
1	57209
1	57224
1	57242
1	57257
1	57275
1	57293
1	57308
1	57323
1	57341
1	57359
1	57372
1	57387
1	57405
1	57423
1	57438
1	57456
1	57471
1	57491
1	57506
1	57522
1	57539
1	57554
1	57579
1	57595
1	57611
1	57633
1	57646
1	57652
1	57670
1	57685
1	57702
1	57718
1	57735
1	57750
1	57773
1	57785
1	57800
1	57818
1	57833
1	57850
1	57865
1	57883
1	57913
1	57928
1	57944
1	57960
1	57963
1	57980
1	57997
1	58012
1	58044
1	58059
1	58075
1	58091
1	58106
1	58122
1	58137
1	58153
1	58169
1	58184
1	58201
1	58217
1	58226
1	58244
1	58259
1	58276
1	58293
1	58308
1	58326
1	58341
1	58358
1	58376
1	58390
1	58408
1	58423
1	58441
1	58456
1	58474
1	58491
1	58506
1	58524
1	58539
1	58556
1	58571
1	58589
1	58613
1	58629
0	58644
0	58660
0	58676
0	58691
0	58707
0	58722
0	58738
0	58754
0	58785
0	58801
1	58816
1	58832
1	58847
1	58863
1	58879
1	58894
1	58910
1	58926
1	58941
1	58957
1	58972
1	58988
1	59004
1	59019
1	59035
1	59051
1	59066
1	59082
1	59097
1	59113
1	59144
1	59160
1	59176
1	59191
1	59207
1	59222
1	59238
1	59254
1	59269
1	59285
1	59301
1	59316
1	59332
1	59347
1	59363
1	59379
1	59394
1	59410
1	59426
1	59441
1	59472
1	59488
1	59504
1	59519
1	59535
1	59551
1	59566
1	59582
1	59597
1	59613
1	59629
1	59644
1	59660
1	59676
1	59691
1	59707
1	59721
1	59746
1	59762
1	59778
1	59794
1	59809
1	59825
1	59840
1	59856
1	59874
1	59886
1	59904
1	59922
1	59938
1	59954
1	59969
1	59987
1	60012
1	60027
1	60037
1	60053
1	60067
1	60085
1	60112
1	60118
1	60133
1	60158
1	60174
1	60190
1	60198
1	60219
1	60235
1	60250
1	60266
1	60282
1	60306
1	60321
1	60337
1	60353
1	60368
1	60380
1	60397
1	60413
1	60428
1	60446
1	60463
1	60478
1	60506
1	60521
1	60537
1	60553
1	60562
1	60577
1	60594
1	60609
1	60627
1	60643
1	60658
1	60676
1	60693
1	60709
1	60726
1	60741
1	60759
1	60774
1	60792
1	60807
1	60825
1	60840
1	60857
1	60873
1	60891
1	60906
1	60931
1	60938
1	60957
1	60972
1	60986
0	61004
0	61020
0	61042
0	61060
0	61072
0	61090
0	61105
0	61123
0	61141
0	61157
0	61171
0	61189
0	61212
0	61227
1	61237
1	61252
1	61267
1	61299
1	61299
1	61331
1	61333
1	61348
1	61366
1	61381
1	61398
1	61429
1	61445
1	61460
1	61476
1	61492
1	61497
1	61514
1	61529
1	61547
1	61562
1	61592
1	61607
1	61623
1	61639
1	61654
1	61660
1	61678
1	61696
1	61710
1	61728
1	61743
1	61761
1	61776
1	61794
1	61808
1	61826
1	61841
1	61859
1	61874
1	61892
1	61907
1	61923
1	61941
1	61956
1	61975
1	61991
1	62006
1	62024
1	62038
1	62055
1	62071
1	62102
1	62118
1	62133
1	62149
1	62164
1	62180
1	62196
1	62211
1	62227
1	62243
1	62258
1	62274
1	62285
1	62303
1	62317
1	62335
1	62351
1	62366
1	62398
1	62413
1	62429
1	62445
1	62460
1	62476
1	62491
1	62507
1	62523
1	62538
1	62554
1	62570
1	62585
1	62601
1	62616
1	62631
1	62649
1	62665
1	62690
1	62706
1	62722
1	62737
1	62753
1	62768
1	62784
1	62800
1	62815
1	62831
1	62844
1	62862
1	62880
1	62896
1	62912
1	62929
1	62944
1	62960
1	62978
1	62992
1	63010
1	63030
1	63046
1	63062
1	63073
1	63092
1	63106
1	63123
1	63141
1	63156
1	63172
1	63189
1	63207
1	63222
1	63237
1	63255
1	63271
1	63286
1	63304
1	63320
1	63341
1	63360
1	63369
1	63387
1	63402
1	63420
1	63436
1	63453
1	63468
1	63486
1	63501
1	63519
1	63535
1	63552
1	63568
1	63582
1	63600
1	63618
1	63633
1	63648
1	63668
1	63683
1	63699
1	63713
1	63731
1	63746
1	63764
1	63779
1	63797
1	63812
1	63830
1	63849
1	63862
1	63880
1	63895
1	63913
1	63931
1	63946
1	63962
1	63976
1	63994
1	64009
1	64027
1	64045
1	64072
1	64078
1	64093
1	64122
1	64125
1	64143
1	64172
1	64175
1	64193
1	64208
1	64239
1	64255
1	64270
1	64286
1	64289
1	64307
1	64322
1	64340
1	64355
1	64374
1	64388
1	64405
1	64420
1	64438
1	64456
1	64472
1	64487
1	64511
1	64523
1	64540
1	64553
1	64569
1	64587
1	64609
1	64625
1	64640
1	64656
1	64667
1	64685
1	64700
1	64718
1	64733
1	64751
1	64767
1	64783
1	64798
1	64817
1	64832
1	64847
1	64863
1	64890
1	64906
1	64922
1	64932
1	64947
1	64962
1	64980
1	64995
1	65013
1	65028
1	65057
1	65073
1	65089
1	65096
1	65111
1	65129
1	65144
1	65169
1	65181
1	65193
1	65211
1	65228
1	65243
1	65261
1	65276
1	65293
1	65308
1	65326
1	65341
1	65359
1	65375
1	65390
1	65408
1	65423
1	65441
1	65456
1	65472
1	65489
1	65504
1	65521
1	65540
1	65556
1	65573
1	65589
1	65605
1	65621
1	65636
1	65668
1	65673
1	65685
1	65702
1	65719
1	65738
1	65753
1	65769
1	65784
1	65800
1	65831
1	65847
1	65863
1	65869
1	65883
1	65901
1	65916
1	65934
1	65949
1	65964
1	65981
1	65999
1	66017
1	66033
1	66047
1	66064
1	66082
1	66097
1	66115
1	66130
1	66145
1	66163
1	66178
1	66196
1	66211
1	66229
1	66244
1	66262
1	66277
1	66293
1	66311
1	66326
1	66344
1	66359
1	66377
1	66393
1	66408
1	66426
1	66442
1	66460
1	66475
1	66490
1	66508
1	66526
1	66548
1	66557
1	66576
1	66589
1	66605
1	66631
1	66647
1	66662
1	66678
1	66693
1	66709
1	66725
1	66740
1	66756
1	66772
1	66787
1	66803
1	66834
1	66850
1	66865
1	66881
1	66897
1	66912
1	66928
1	66943
1	66951
1	66966
1	66985
1	67001
1	67016
1	67032
1	67063
1	67079
1	67094
1	67110
1	67126
0	67141
0	67157
0	67173
0	67188
0	67204
0	67219
0	67235
0	67251
0	67266
0	67282
0	67298
0	67329
0	67344
1	67360
1	67376
1	67391
1	67407
1	67423
1	67438
1	67454
1	67470
1	67485
1	67501
1	67516
1	67532
1	67548
1	67563
1	67579
1	67594
1	67610
1	67626
1	67641
1	67657
1	67688
1	67704
1	67719
1	67735
1	67751
1	67761
1	67777
1	67793
1	67809
1	67824
1	67840
1	67856
1	67871
1	67887
1	67918
1	67934
1	67949
1	67965
1	67981
1	67996
1	68012
1	68027
1	68043
1	68059
1	68074
1	68090
1	68106
1	68121
1	68137
1	68152
1	68168
1	68184
1	68199
1	68215
1	68246
1	68262
1	68277
1	68293
1	68309
1	68324
1	68340
1	68356
1	68371
1	68387
1	68402
1	68418
1	68434
1	68449
1	68465
1	68481
1	68496
1	68512
1	68527
1	68559
1	68574
1	68590
1	68606
1	68621
1	68637
1	68652
1	68668
1	68684
1	68699
1	68715
1	68731
1	68746
1	68762
1	68777
1	68793
1	68809
1	68824
1	68840
1	68856
1	68875
1	68904
1	68919
1	68935
1	68950
1	68966
1	68982
1	68997
1	69013
0	69029
0	69044
0	69060
0	69075
0	69091
0	69107
0	69122
0	69138
0	69169
0	69185
0	69200
0	69216
0	69232
0	69247
0	69263
1	69279
1	69294
1	69310
1	69325
1	69341
1	69357
1	69372
1	69388
1	69404
1	69419
1	69435
1	69450
1	69466
1	69482
1	69497
1	69513
1	69544
1	69560
1	69575
1	69591
1	69607
1	69622
1	69638
1	69654
1	69669
1	69685
1	69700
1	69716
1	69732
1	69747
1	69763
1	69779
1	69794
1	69810
1	69825
1	69857
1	69872
1	69888
1	69904
1	69919
1	69935
1	69950
1	69966
1	69982
1	69997
1	70013
1	70029
1	70044
1	70060
1	70075
1	70091
1	70107
1	70122
1	70138
1	70154
1	70185
1	70200
1	70216
1	70232
1	70247
1	70263
1	70279
1	70294
1	70310
1	70325
1	70341
1	70357
1	70372
1	70388
1	70404
1	70419
1	70435
1	70450
1	70466
1	70497
1	70513
1	70529
1	70544
1	70560
1	70575
1	70591
1	70607
1	70622
1	70638
1	70654
1	70669
1	70685
1	70700
1	70716
1	70732
1	70747
1	70763
1	70779
1	70794
1	70825
1	70841
1	70846
1	70869
1	70885
1	70900
1	70916
1	70932
1	70947
1	70963
1	70978
1	70994
1	71010
1	71025
1	71041
1	71072
1	71088
1	71103
1	71119
1	71135
1	71150
1	71166
1	71182
1	71197
1	71213
1	71228
1	71244
1	71260
1	71275
1	71291
1	71307
1	71322
1	71338
1	71353
1	71369
1	71400
1	71416
1	71432
1	71447
1	71463
1	71478
1	71494
1	71510
1	71525
1	71541
1	71557
1	71572
1	71588
1	71603
1	71619
1	71635
1	71650
1	71666
1	71682
1	71713
1	71728
1	71744
1	71760
1	71775
1	71791
1	71807
1	71822
1	71838
1	71853
1	71869
1	71885
1	71900
1	71916
1	71932
1	71947
1	71963
1	71978
1	71994
1	72025
1	72041
1	72057
1	72072
1	72088
1	72103
1	72119
1	72135
1	72150
1	72166
1	72182
1	72197
1	72213
1	72228
1	72244
1	72260
1	72275
1	72291
1	72307
1	72322
1	72354
1	72369
1	72385
1	72400
1	72416
1	72432
1	72447
1	72463
1	72478
1	72494
1	72510
1	72525
1	72541
1	72557
1	72572
1	72588
1	72603
1	72619
1	72635
1	72650
1	72682
1	72697
1	72713
1	72728
1	72744
1	72760
1	72775
1	72791
1	72807
1	72822
1	72838
1	72854
1	72869
1	72885
1	72900
1	72916
1	72932
1	72947
1	72963
1	72994
1	73010
1	73025
1	73041
0	73057
0	73072
0	73088
0	73104
0	73119
0	73135
0	73150
0	73166
0	73182
0	73197
0	73213
0	73229
0	73260
0	73275
0	73291
0	73307
0	73322
0	73338
0	73354
1	73369
1	73385
1	73400
1	73416
1	73432
1	73447
1	73463
1	73479
1	73494
1	73510
1	73525
1	73541
1	73557
1	73572
1	73588
1	73604
1	73635
1	73650
1	73666
1	73682
1	73697
1	73713
1	73729
1	73744
1	73760
1	73775
1	73791
1	73807
1	73822
1	73838
1	73854
1	73869
1	73885
1	73900
1	73916
1	73947
1	73963
1	73979
1	73994
1	74010
1	74025
1	74041
1	74057
1	74072
1	74088
1	74104
1	74119
1	74135
1	74150
1	74166
1	74182
1	74197
1	74213
1	74229
1	74244
1	74275
1	74291
1	74307
1	74322
1	74338
1	74354
1	74369
1	74385
1	74400
1	74416
1	74432
1	74447
1	74463
1	74479
1	74494
1	74510
1	74525
1	74541
1	74557
1	74588
1	74604
1	74619
1	74635
1	74650
1	74666
1	74682
1	74697
1	74713
1	74729
1	74744
1	74760
1	74775
1	74791
1	74807
1	74822
1	74838
1	74854
1	74869
1	74900
1	74916
1	74932
1	74947
1	74963
1	74979
1	74994
1	75010
0	75025
0	75041
0	75057
0	75072
0	75088
0	75104
0	75119
0	75135
0	75150
0	75182
0	75197
0	75213
0	75229
0	75244
0	75260
1	75275
1	75291
1	75307
1	75322
1	75338
1	75354
1	75369
1	75385
1	75401
1	75416
1	75432
1	75447
1	75463
1	75479
1	75494
1	75510
1	75526
1	75557
1	75572
1	75588
1	75604
1	75619
1	75635
1	75651
1	75666
1	75682
1	75697
1	75713
1	75729
1	75744
1	75760
1	75776
1	75791
1	75807
1	75822
1	75838
1	75869
1	75885
1	75901
1	75916
1	75932
1	75947
1	75963
1	75979
1	75994
1	76010
1	76026
1	76041
1	76057
1	76072
1	76088
1	76104
1	76119
1	76135
1	76151
1	76182
1	76197
1	76213
1	76229
1	76244
1	76260
1	76276
1	76292
1	76300
1	76325
1	76341
1	76356
1	76372
1	76388
1	76403
1	76419
1	76435
1	76450
1	76466
1	76481
1	76497
1	76513
1	76528
1	76544
1	76575
1	76591
1	76606
1	76622
1	76638
1	76653
1	76669
1	76685
1	76700
1	76716
1	76731
1	76747
1	76763
1	76778
1	76794
1	76810
1	76825
1	76841
1	76856
1	76888
1	76903
1	76919
1	76935
1	76950
0	76966
0	76981
0	76997
0	77013
0	77028
0	77044
0	77060
0	77075
0	77091
0	77106
0	77122
0	77153
0	77169
1	77185
1	77200
1	77216
1	77231
1	77247
1	77263
1	77278
1	77294
1	77310
1	77325
1	77341
1	77356
1	77372
1	77388
1	77403
1	77419
1	77435
1	77450
1	77466
1	77481
1	77497
1	77528
1	77544
1	77560
1	77575
1	77591
1	77606
1	77622
1	77638
1	77653
1	77669
1	77685
1	77700
1	77716
1	77731
1	77747
1	77763
1	77778
1	77794
1	77810
1	77841
1	77856
1	77872
1	77888
1	77903
1	77919
1	77935
1	77950
1	77966
1	77981
1	77997
1	78013
1	78028
1	78044
1	78060
1	78075
1	78091
1	78107
1	78122
1	78138
1	78169
1	78185
1	78200
1	78216
1	78232
1	78247
1	78263
1	78278
1	78294
1	78310
1	78325
1	78341
1	78357
1	78372
1	78388
1	78403
1	78419
1	78435
1	78450
1	78466
1	78497
1	78513
1	78528
1	78544
1	78560
1	78575
1	78591
1	78607
1	78622
1	78638
1	78653
1	78669
1	78685
1	78700
1	78716
1	78732
1	78747
1	78763
1	78778
1	78810
1	78825
1	78841
1	78857
1	78872
1	78888
1	78903
1	78919
1	78935
1	78950
1	78966
1	78982
1	78997
1	79013
1	79028
1	79044
1	79060
1	79075
1	79091
1	79107
1	79138
1	79153
1	79169
1	79185
1	79200
1	79216
1	79232
1	79247
1	79263
1	79278
1	79294
1	79310
1	79325
1	79341
1	79357
1	79372
1	79388
1	79403
1	79419
1	79450
1	79466
1	79482
1	79497
1	79513
1	79528
1	79544
1	79560
1	79575
1	79591
1	79607
1	79622
1	79638
1	79653
1	79669
1	79685
1	79700
1	79716
1	79732
0	79763
0	79778
0	79794
0	79810
0	79825
0	79841
0	79857
0	79872
0	79888
0	79903
0	79919
0	79935
0	79950
1	79966
1	79982
1	79997
1	80013
1	80028
1	80044
1	80075
1	80091
1	80107
1	80122
1	80138
1	80153
1	80169
1	80185
1	80200
1	80216
1	80232
1	80247
1	80263
1	80278
1	80294
1	80310
1	80325
1	80341
1	80357
1	80372
1	80403
1	80419
1	80435
1	80450
1	80466
1	80482
1	80497
1	80513
1	80528
1	80544
1	80560
1	80575
1	80591
1	80607
1	80622
1	80638
1	80653
1	80669
1	80685
1	80716
1	80732
1	80747
1	80763
1	80778
1	80794
1	80810
1	80825
1	80841
1	80857
1	80872
1	80888
1	80903
1	80919
1	80935
1	80950
1	80966
1	80982
1	80997
1	81013
1	81044
1	81060
1	81075
1	81091
1	81107
1	81122
1	81138
1	81154
1	81169
1	81185
1	81200
1	81216
1	81232
1	81247
1	81263
1	81279
1	81294
1	81310
1	81325
1	81357
1	81372
1	81388
1	81404
1	81419
1	81435
1	81450
1	81466
1	81482
1	81497
1	81513
1	81529
1	81544
1	81560
1	81575
1	81591
1	81607
1	81622
1	81638
1	81654
1	81685
1	81700
1	81716
1	81732
1	81747
1	81763
1	81779
1	81794
1	81810
1	81825
1	81841
1	81857
1	81872
1	81888
1	81904
1	81919
1	81935
1	81950
1	81966
1	81997
1	82013
1	82029
1	82044
1	82060
1	82075
1	82091
1	82107
1	82122
1	82138
1	82154
1	82169
1	82185
1	82200
1	82216
1	82232
1	82247
0	82263
0	82294
0	82310
0	82325
0	82341
0	82357
0	82372
0	82388
0	82404
0	82419
0	82435
0	82450
0	82466
1	82482
1	82497
1	82513
1	82529
1	82544
1	82560
1	82575
1	82591
1	82607
1	82638
1	82654
1	82669
1	82685
1	82700
1	82716
1	82732
1	82747
1	82763
1	82779
1	82794
1	82810
1	82825
1	82841
1	82857
1	82872
1	82888
1	82904
1	82919
1	82935
1	82966
1	82982
1	82997
1	83013
1	83029
1	83044
1	83060
1	83075
1	83091
1	83107
1	83122
1	83138
1	83154
1	83169
1	83185
1	83200
1	83216
1	83232
1	83247
1	83279
1	83294
1	83310
1	83325
1	83341
1	83357
1	83372
1	83388
1	83397
1	83414
1	83430
1	83445
1	83461
1	83492
1	83508
1	83524
1	83539
1	83555
1	83570
1	83586
1	83602
1	83617
1	83634
1	83642
1	83660
1	83678
1	83694
1	83709
1	83725
1	83741
1	83756
1	83788
1	83803
1	83819
1	83834
1	83850
1	83866
1	83881
1	83897
1	83913
1	83928
1	83944
1	83959
1	83975
1	83991
1	84006
1	84022
1	84038
1	84053
1	84069
1	84100
1	84116
1	84131
1	84147
1	84163
1	84178
1	84194
1	84209
1	84225
1	84241
1	84256
1	84272
1	84288
1	84303
1	84319
1	84334
1	84350
1	84366
1	84381
1	84397
1	84428
1	84444
1	84459
1	84475
1	84491
1	84506
1	84522
1	84538
1	84553
1	84569
1	84584
1	84600
1	84616
1	84631
1	84647
1	84663
1	84678
1	84694
1	84709
1	84741
1	84756
1	84772
1	84788
1	84803
1	84819
0	84834
0	84850
0	84866
0	84881
0	84897
0	84913
0	84928
0	84944
0	84959
0	84975
0	84991
0	85022
0	85038
0	85053
1	85069
1	85084
1	85100
1	85116
1	85131
1	85147
1	85163
1	85178
1	85194
1	85209
1	85225
1	85241
1	85256
1	85272
1	85288
1	85303
1	85319
1	85334
1	85350
1	85381
1	85397
1	85413
1	85428
1	85444
1	85459
1	85475
1	85491
1	85506
1	85522
1	85538
1	85553
1	85569
1	85584
1	85600
1	85616
1	85631
1	85647
1	85663
1	85678
1	85709
1	85725
1	85741
1	85756
1	85772
1	85788
1	85803
1	85819
1	85834
1	85850
1	85866
1	85881
1	85897
1	85913
1	85928
1	85944
1	85959
1	85991
1	85991
1	86022
1	86038
1	86053
1	86069
1	86086
1	86091
1	86108
1	86133
1	86148
1	86164
1	86180
1	86195
1	86211
1	86226
1	86242
1	86258
1	86273
1	86289
1	86305
1	86320
1	86336
1	86367
1	86383
1	86398
1	86414
1	86430
1	86445
1	86461
1	86476
1	86492
1	86508
1	86523
1	86539
1	86555
1	86570
1	86586
1	86601
1	86617
1	86633
1	86648
1	86664
1	86695
1	86711
1	86726
1	86742
1	86758
1	86773
1	86789
1	86805
1	86820
1	86836
1	86852
1	86867
1	86883
1	86898
1	86914
1	86930
1	86945
1	86961
1	86977
1	87008
1	87023
1	87039
1	87055
1	87070
1	87086
1	87102
1	87117
1	87133
1	87148
1	87164
1	87180
1	87195
1	87211
1	87227
1	87242
1	87258
1	87273
1	87289
1	87320
1	87336
1	87352
1	87367
1	87383
1	87398
1	87414
1	87430
1	87445
1	87461
1	87477
1	87492
1	87508
1	87523
1	87539
1	87555
1	87570
1	87586
1	87602
1	87617
1	87648
1	87664
1	87680
1	87695
0	87711
0	87727
0	87742
0	87758
0	87773
0	87789
0	87805
0	87820
0	87836
0	87852
0	87867
0	87883
0	87898
0	87930
1	87945
1	87961
1	87977
1	87992
1	88008
1	88023
1	88039
1	88055
1	88070
1	88086
1	88102
1	88117
1	88133
1	88148
1	88164
1	88180
1	88195
1	88211
1	88227
1	88242
1	88258
1	88289
1	88305
1	88320
1	88336
1	88352
1	88367
1	88383
1	88398
1	88414
1	88430
1	88445
1	88461
1	88477
1	88492
1	88508
1	88523
1	88539
1	88555
1	88570
1	88586
1	88617
1	88633
1	88648
1	88664
1	88680
1	88695
1	88711
1	88727
1	88742
1	88758
1	88773
1	88789
1	88805
1	88820
1	88836
1	88852
1	88867
1	88883
1	88898
1	88930
1	88945
1	88961
1	88977
1	88992
1	89008
1	89023
1	89039
1	89055
1	89070
1	89086
1	89102
1	89117
1	89133
1	89148
1	89164
1	89180
1	89195
1	89211
1	89242
1	89258
1	89273
1	89289
1	89305
1	89320
1	89336
1	89352
1	89367
1	89383
1	89398
1	89414
1	89430
1	89445
1	89461
1	89477
1	89492
1	89508
1	89523
1	89539
1	89570
1	89586
1	89602
1	89617
1	89633
1	89638
1	89665
1	89681
1	89697
1	89712
1	89728
1	89743
1	89759
1	89775
1	89790
1	89806
1	89822
1	89837
1	89853
1	89868
1	89900
1	89915
1	89931
1	89947
1	89962
1	89978
1	89993
1	90009
1	90025
1	90040
1	90056
1	90072
1	90087
1	90103
1	90118
1	90134
1	90150
1	90165
1	90181
1	90197
1	90228
1	90243
1	90259
1	90275
1	90290
1	90306
1	90322
1	90337
1	90353
1	90368
1	90384
1	90400
1	90415
1	90431
1	90447
1	90462
1	90478
1	90493
1	90525
1	90540
0	90556
0	90572
0	90587
0	90603
0	90611
0	90636
0	90651
0	90667
0	90683
0	90698
1	90714
1	90730
1	90745
1	90761
1	90776
1	90792
1	90808
1	90823
1	90839
1	90855
1	90870
1	90886
1	90917
1	90933
1	90948
1	90964
1	90980
1	90995
1	91011
1	91026
1	91042
1	91058
1	91073
1	91089
1	91105
1	91120
1	91136
1	91151
1	91167
1	91183
1	91198
1	91230
1	91245
1	91261
1	91277
1	91292
1	91308
1	91323
1	91339
1	91355
1	91370
1	91386
1	91402
1	91417
1	91433
1	91448
1	91464
1	91480
1	91495
1	91511
1	91542
1	91558
1	91573
1	91589
1	91605
1	91620
1	91636
1	91652
1	91667
1	91683
1	91698
1	91714
1	91730
1	91745
1	91761
1	91777
1	91792
1	91808
1	91823
1	91839
1	91870
1	91886
1	91902
1	91917
1	91933
1	91948
1	91964
1	91980
1	91995
1	92011
1	92027
1	92042
1	92058
1	92073
1	92089
1	92105
1	92120
1	92136
1	92152
1	92183
1	92198
1	92214
1	92230
1	92245
1	92261
1	92277
1	92292
1	92308
1	92323
1	92339
1	92355
1	92370
1	92386
1	92402
1	92417
1	92433
1	92448
1	92464
1	92480
1	92511
1	92527
1	92542
1	92558
1	92573
1	92589
1	92605
1	92620
0	92636
0	92652
0	92667
0	92683
0	92698
0	92714
0	92730
0	92745
0	92777
0	92792
0	92808
0	92823
1	92839
1	92855
1	92870
1	92886
1	92902
1	92907
1	92938
1	92953
1	92969
1	92984
1	93000
1	93016
1	93031
1	93047
1	93063
1	93078
1	93094
1	93109
1	93125
1	93141
1	93156
1	93172
1	93188
1	93203
1	93219
1	93250
1	93266
1	93281
1	93297
1	93313
1	93328
1	93344
1	93359
1	93375
1	93391
1	93406
1	93422
1	93438
1	93453
1	93469
1	93484
1	93500
1	93516
1	93531
1	93563
1	93578
1	93594
1	93609
1	93625
1	93641
1	93656
1	93672
1	93688
1	93703
1	93719
1	93734
1	93750
1	93766
1	93781
1	93797
1	93813
1	93828
1	93844
1	93875
1	93891
1	93906
1	93922
1	93938
1	93953
1	93969
1	93984
1	94000
1	94016
1	94031
1	94047
1	94063
1	94078
1	94094
1	94109
1	94125
1	94141
1	94156
1	94172
1	94203
1	94219
1	94234
1	94250
1	94266
1	94281
1	94297
1	94313
1	94328
1	94344
1	94360
1	94375
1	94391
1	94406
1	94422
1	94438
1	94453
1	94469
1	94485
1	94500
1	94531
1	94547
1	94563
1	94578
1	94594
1	94610
1	94625
1	94641
1	94656
1	94672
1	94688
1	94703
1	94719
1	94735
1	94750
1	94766
1	94781
1	94797
1	94813
1	94844
1	94860
1	94875
1	94891
1	94906
1	94922
1	94938
1	94953
1	94969
1	94985
1	95000
1	95016
1	95031
1	95047
1	95063
1	95078
1	95094
1	95110
1	95125
1	95156
1	95172
1	95188
1	95203
1	95219
1	95235
1	95250
1	95260
1	95274
1	95289
1	95306
1	95322
1	95353
1	95369
1	95384
1	95400
1	95416
1	95431
1	95447
1	95462
1	95478
1	95494
1	95509
1	95525
1	95541
1	95556
1	95572
1	95587
1	95603
1	95619
1	95634
1	95666
1	95681
1	95697
1	95712
1	95728
1	95744
1	95759
1	95775
1	95791
1	95806
1	95822
0	95837
0	95853
0	95869
0	95884
0	95900
0	95916
0	95947
0	95962
0	95978
0	95994
0	96009
0	96025
0	96041
0	96056
0	96072
0	96087
0	96103
0	96119
0	96134
0	96150
0	96166
0	96181
0	96197
0	96212
0	96228
0	96259
0	96275
0	96291
0	96306
0	96322
0	96337
0	96353
1	96369
1	96384
1	96400
1	96416
1	96431
1	96447
1	96462
1	96478
1	96494
1	96509
1	96525
1	96541
1	96556
1	96572
1	96587
1	96603
1	96634
1	96650
1	96666
1	96681
1	96697
1	96712
1	96728
1	96744
1	96759
1	96775
1	96791
1	96806
1	96822
1	96837
1	96853
1	96869
1	96884
1	96900
1	96916
1	96931
1	96962
1	96978
1	96994
1	97000
1	97014
1	97035
1	97051
1	97066
1	97082
1	97098
1	97113
1	97129
1	97160
1	97176
1	97191
1	97207
1	97223
1	97238
1	97254
1	97269
1	97285
1	97301
1	97316
1	97332
1	97348
1	97363
1	97379
1	97394
1	97410
1	97426
1	97441
1	97473
1	97488
1	97504
1	97519
1	97535
1	97551
1	97566
1	97582
1	97598
1	97613
1	97629
1	97644
1	97660
1	97676
1	97691
1	97707
1	97723
1	97738
1	97754
1	97769
1	97801
1	97816
1	97832
1	97848
1	97863
1	97879
1	97894
0	97910
0	97926
0	97941
0	97957
0	97973
0	97988
0	98004
0	98020
0	98035
0	98066
0	98082
0	98098
0	98113
0	98129
0	98145
0	98160
0	98176
0	98191
0	98207
1	98223
1	98238
1	98254
1	98270
1	98285
1	98301
1	98316
1	98332
1	98348
1	98363
1	98379
1	98395
1	98410
1	98441
1	98457
1	98473
1	98488
1	98504
1	98520
1	98535
1	98551
1	98566
1	98582
1	98598
1	98613
1	98629
1	98645
1	98660
1	98676
1	98691
1	98707
1	98723
1	98754
1	98770
1	98785
1	98801
1	98816
1	98832
1	98848
1	98863
1	98879
1	98895
1	98910
1	98926
1	98941
1	98957
1	98973
1	98988
1	99004
1	99020
1	99035
1	99051
1	99082
1	99098
1	99113
1	99129
1	99145
1	99160
1	99176
1	99191
1	99207
1	99223
1	99238
1	99254
1	99270
1	99285
1	99301
1	99316
1	99332
1	99348
1	99363
1	99395
1	99410
1	99426
1	99441
1	99457
1	99473
1	99488
1	99504
1	99520
1	99535
1	99551
1	99566
1	99582
1	99598
1	99613
1	99629
1	99645
1	99660
1	99676
1	99691
1	99723
1	99738
1	99754
1	99770
1	99785
1	99801
1	99816
1	99832
1	99848
1	99863
1	99879
1	99895
1	99910
1	99926
1	99941
1	99957
1	99973
1	99988
1	100004
1	100035
1	100051
1	100066
1	100082
1	100098
1	100113
1	100129
1	100145
1	100160
1	100176
1	100191
1	100207
1	100223
1	100238
1	100254
1	100270
1	100285
0	100301
0	100332
0	100348
0	100363
0	100379
0	100395
0	100410
0	100426
0	100441
0	100457
0	100473
0	100488
1	100504
1	100520
1	100535
1	100551
1	100567
1	100582
1	100598
1	100613
1	100629
1	100645
1	100676
1	100692
1	100707
1	100723
1	100738
1	100754
1	100770
1	100785
1	100801
1	100817
1	100832
1	100848
1	100863
1	100879
1	100895
1	100910
1	100926
1	100942
1	100957
1	100973
1	101004
1	101020
1	101035
1	101051
1	101067
1	101082
1	101098
1	101113
1	101129
1	101145
1	101160
1	101176
1	101192
1	101207
1	101223
1	101238
1	101254
1	101270
1	101285
1	101317
1	101332
1	101348
1	101363
1	101379
1	101395
1	101410
1	101426
1	101442
1	101457
1	101473
1	101488
1	101504
1	101520
1	101535
1	101551
1	101566
1	101592
1	101608
1	101623
1	101639
1	101654
1	101670
1	101686
1	101701
1	101717
1	101733
1	101748
1	101764
1	101779
1	101795
1	101826
1	101842
1	101858
0	101873
0	101889
0	101904
0	101920
0	101936
0	101951
0	101967
0	101983
0	101998
0	102014
1	102029
1	102045
1	102061
1	102076
1	102092
1	102123
1	102139
1	102154
1	102170
1	102186
1	102201
1	102217
1	102233
1	102248
1	102264
1	102279
1	102295
1	102311
1	102326
1	102342
1	102358
1	102373
1	102389
1	102404
1	102420
1	102436
1	102467
1	102483
1	102498
1	102514
1	102529
1	102545
0	102561
0	102576
0	102592
0	102608
0	102623
0	102639
0	102654
0	102670
0	102686
0	102701
0	102733
0	102748
0	102764
0	102779
1	102795
1	102811
1	102826
1	102842
1	102858
1	102873
1	102889
1	102904
1	102920
1	102936
1	102951
1	102967
1	102983
1	102998
1	103014
1	103029
1	103045
1	103061
1	103076
1	103108
1	103123
1	103139
1	103154
1	103170
1	103186
1	103201
1	103217
1	103233
1	103248
1	103264
1	103279
1	103295
1	103311
1	103326
1	103342
1	103358
1	103373
1	103404
1	103420
1	103436
1	103451
1	103467
1	103483
1	103498
1	103514
1	103529
1	103545
1	103561
1	103576
1	103592
1	103608
1	103623
1	103639
1	103654
1	103670
1	103686
1	103701
1	103717
1	103748
1	103764
1	103779
1	103795
1	103811
1	103826
1	103842
1	103858
1	103873
1	103889
1	103904
1	103920
1	103936
1	103951
1	103967
1	103983
1	103998
1	104014
1	104029
1	104045
1	104076
1	104081
1	104094
1	104126
1	104141
1	104157
1	104173
1	104188
1	104204
1	104219
1	104235
1	104251
1	104266
1	104282
1	104298
1	104313
1	104329
1	104345
1	104360
1	104376
1	104391
1	104407
1	104438
1	104454
1	104470
1	104485
1	104501
1	104516
1	104532
1	104548
1	104563
1	104579
1	104595
1	104610
1	104626
1	104641
1	104657
1	104673
1	104688
1	104704
1	104735
1	104751
1	104766
1	104782
1	104798
1	104813
1	104829
1	104845
1	104860
1	104876
1	104891
1	104907
1	104923
1	104938
1	104954
1	104970
1	104985
1	105001
1	105016
1	105032
1	105063
1	105079
0	105095
0	105110
0	105126
0	105141
0	105157
0	105173
0	105188
0	105204
0	105220
0	105235
0	105251
0	105266
1	105282
1	105298
1	105313
1	105329
1	105345
1	105360
1	105376
1	105407
1	105423
1	105438
1	105454
1	105470
1	105485
1	105501
1	105516
1	105532
1	105548
1	105563
1	105579
1	105595
1	105610
1	105626
1	105641
1	105657
1	105673
1	105688
1	105720
1	105735
1	105751
1	105766
1	105782
1	105798
1	105813
1	105829
1	105845
1	105860
1	105876
1	105891
1	105907
1	105923
1	105938
1	105954
1	105970
1	105985
1	106001
1	106016
1	106048
1	106063
1	106079
1	106095
1	106110
1	106126
1	106141
1	106157
1	106173
1	106188
1	106204
1	106220
1	106235
1	106251
1	106266
1	106282
1	106298
1	106313
1	106329
1	106360
1	106376
1	106391
1	106407
1	106423
1	106438
1	106454
1	106470
1	106485
1	106501
1	106516
1	106532
1	106548
1	106563
1	106579
1	106595
1	106610
1	106626
1	106641
1	106657
1	106688
1	106704
1	106720
1	106735
1	106751
1	106766
1	106782
1	106798
1	106813
1	106829
1	106845
1	106860
1	106876
1	106891
1	106907
1	106923
1	106938
1	106954
1	106970
1	107001
1	107017
1	107032
1	107048
1	107063
1	107079
1	107095
0	107110
0	107126
0	107142
0	107157
0	107173
0	107188
0	107204
0	107220
0	107235
0	107251
0	107267
0	107282
1	107313
1	107329
1	107345
1	107360
1	107376
1	107392
1	107407
1	107423
1	107438
1	107454
1	107470
1	107485
1	107501
1	107517
1	107532
1	107548
1	107563
1	107579
1	107595
1	107610
1	107642
1	107657
1	107673
1	107688
1	107704
1	107720
1	107735
1	107751
1	107767
1	107782
1	107798
1	107813
1	107829
1	107845
1	107860
1	107876
1	107892
1	107907
1	107923
1	107938
1	107970
1	107985
1	108001
1	108017
1	108032
1	108048
1	108063
1	108079
1	108095
1	108110
1	108126
1	108142
1	108157
1	108173
1	108188
1	108204
1	108220
1	108235
1	108251
1	108282
1	108298
1	108313
1	108329
1	108345
1	108360
1	108376
1	108385
1	108409
1	108425
1	108440
1	108456
1	108472
1	108487
1	108503
1	108519
1	108534
1	108550
1	108565
1	108581
1	108597
1	108612
1	108644
1	108659
1	108675
1	108690
1	108706
1	108722
1	108737
1	108753
1	108769
1	108784
1	108800
1	108816
1	108831
1	108847
1	108862
1	108878
1	108894
1	108909
1	108925
1	108941
1	108972
1	108987
1	109003
1	109019
1	109034
1	109050
1	109066
1	109081
1	109097
1	109112
1	109128
1	109144
1	109159
1	109175
1	109191
1	109206
1	109222
1	109237
1	109253
1	109284
1	109300
1	109316
1	109331
1	109347
1	109362
1	109378
1	109394
1	109409
1	109425
1	109441
1	109456
1	109472
1	109487
1	109503
1	109519
1	109534
1	109550
1	109566
1	109597
1	109612
1	109628
1	109644
1	109659
1	109675
1	109691
1	109706
1	109722
1	109737
1	109753
1	109769
1	109784
1	109800
1	109816
1	109831
1	109847
1	109862
1	109878
1	109894
1	109925
1	109941
1	109956
1	109972
1	109987
1	110003
1	110019
1	110034
1	110050
0	110066
0	110081
0	110097
0	110112
0	110128
0	110144
0	110159
0	110175
0	110206
0	110222
1	110237
1	110253
1	110269
1	110284
1	110300
1	110316
1	110331
1	110347
1	110362
1	110378
1	110394
1	110409
1	110425
1	110441
1	110456
1	110472
1	110487
1	110503
1	110519
1	110534
1	110566
1	110581
1	110597
1	110612
1	110628
1	110644
1	110659
1	110675
1	110691
1	110706
1	110722
1	110737
1	110753
1	110769
1	110784
1	110800
1	110816
1	110831
1	110847
1	110878
1	110894
1	110909
1	110925
1	110941
1	110956
1	110972
1	110987
1	111003
1	111019
1	111034
1	111050
1	111066
1	111081
1	111097
1	111112
1	111128
1	111144
1	111159
1	111175
1	111206
1	111222
1	111237
1	111253
1	111269
1	111284
1	111300
1	111316
1	111331
1	111347
1	111362
1	111378
1	111394
1	111409
1	111425
1	111441
1	111456
1	111472
1	111488
1	111519
1	111534
1	111550
1	111566
1	111581
1	111597
1	111613
1	111628
1	111644
1	111659
1	111675
1	111691
1	111706
1	111722
1	111738
1	111753
1	111769
1	111784
1	111800
1	111816
1	111847
1	111863
1	111878
1	111894
1	111909
1	111925
1	111941
1	111956
1	111972
1	111988
1	112003
1	112019
1	112034
1	112050
1	112066
1	112081
1	112097
1	112113
1	112128
1	112159
1	112175
1	112191
1	112206
1	112222
1	112238
1	112253
1	112269
1	112284
1	112300
1	112316
1	112331
1	112347
1	112363
1	112378
1	112394
1	112409
1	112425
1	112441
1	112456
1	112488
1	112503
1	112519
1	112534
1	112550
1	112566
0	112581
0	112597
0	112613
0	112628
0	112644
0	112659
0	112675
0	112691
0	112706
0	112722
1	112753
1	112753
1	112769
1	112800
1	112816
1	112831
1	112847
1	112863
1	112878
1	112894
1	112909
1	112925
1	112941
1	112956
1	112972
1	112988
1	113003
1	113019
1	113034
1	113050
1	113066
1	113081
1	113097
1	113128
1	113144
1	113159
1	113175
1	113191
1	113207
1	113212
1	113243
1	113259
1	113274
1	113290
1	113306
1	113321
1	113337
1	113353
1	113368
1	113384
1	113399
1	113415
1	113431
1	113446
1	113462
1	113478
1	113493
1	113509
1	113524
1	113556
1	113571
1	113587
1	113603
1	113618
1	113634
1	113650
1	113668
1	113684
1	113699
1	113715
1	113731
1	113746
1	113762
1	113778
1	113793
1	113809
1	113824
1	113840
1	113856
1	113871
1	113887
1	113903
1	113934
1	113949
1	113965
1	113981
1	113996
1	114012
1	114028
1	114043
1	114059
1	114074
1	114090
1	114106
1	114121
1	114137
1	114153
1	114168
1	114184
1	114199
1	114231
1	114246
1	114262
1	114278
1	114293
1	114309
1	114324
1	114341
1	114346
1	114377
1	114393
1	114408
1	114424
1	114440
1	114455
1	114471
1	114487
1	114502
1	114518
1	114533
1	114549
1	114565
1	114580
1	114596
1	114612
1	114627
1	114643
1	114658
1	114674
1	114705
1	114721
1	114737
1	114752
1	114768
1	114783
1	114799
1	114815
1	114830
1	114846
1	114862
1	114877
1	114893
1	114908
1	114924
1	114940
1	114955
1	114971
1	114987
1	115018
1	115033
1	115049
1	115065
1	115080
1	115096
1	115112
1	115127
1	115143
1	115158
1	115174
1	115190
1	115205
1	115221
1	115237
1	115252
1	115268
1	115283
1	115299
1	115315
1	115345
1	115348
1	115365
1	115386
1	115401
1	115417
1	115433
1	115448
1	115464
1	115479
1	115511
1	115526
1	115542
1	115558
1	115573
1	115589
1	115604
1	115620
1	115636
1	115651
1	115667
1	115683
1	115698
1	115714
1	115729
1	115745
1	115761
1	115776
1	115792
1	115808
1	115839
1	115854
1	115870
1	115886
1	115901
1	115917
1	115933
1	115948
1	115964
1	115979
1	115995
1	116011
1	116026
1	116042
1	116058
1	116073
1	116089
1	116104
1	116120
1	116152
1	116155
1	116170
1	116195
1	116210
1	116226
1	116242
1	116257
1	116273
1	116288
1	116304
1	116320
1	116335
1	116351
1	116367
1	116398
1	116413
1	116429
1	116445
1	116460
1	116476
1	116492
1	116507
1	116523
1	116539
1	116554
1	116570
1	116585
1	116601
1	116617
1	116632
1	116648
0	116664
0	116695
0	116710
0	116726
0	116742
0	116757
0	116773
0	116789
0	116804
0	116820
0	116835
0	116851
0	116867
0	116882
1	116898
1	116914
1	116929
1	116945
1	116960
1	116976
1	116992
1	117007
1	117039
1	117054
1	117070
1	117085
1	117101
1	117117
1	117132
1	117148
1	117164
1	117179
1	117195
1	117210
1	117226
1	117242
1	117257
1	117273
1	117289
1	117304
1	117320
1	117335
1	117367
1	117382
1	117398
1	117414
1	117429
1	117445
1	117460
1	117476
1	117492
1	117507
1	117523
1	117539
1	117554
1	117570
1	117585
1	117601
1	117617
1	117632
1	117648
1	117679
1	117695
1	117710
1	117726
1	117742
1	117757
1	117773
1	117789
1	117804
1	117820
1	117835
1	117851
1	117867
1	117882
1	117898
1	117914
1	117929
1	117945
1	117960
1	117976
1	118007
1	118023
1	118039
1	118054
1	118070
1	118085
1	118101
1	118117
1	118132
1	118148
1	118164
1	118179
1	118195
1	118210
1	118226
1	118242
1	118257
1	118273
1	118289
1	118320
1	118335
1	118351
1	118367
1	118382
1	118398
1	118414
1	118429
1	118445
1	118460
1	118476
1	118492
1	118507
1	118523
1	118539
1	118554
1	118570
1	118585
1	118601
1	118632
1	118648
1	118664
1	118679
1	118695
1	118710
1	118726
1	118742
1	118757
1	118773
1	118789
1	118804
1	118820
1	118835
1	118851
1	118867
1	118882
1	118898
1	118914
1	118929
1	118960
1	118976
1	118992
1	119007
1	119023
1	119039
1	119054
1	119070
1	119085
1	119101
1	119117
1	119132
1	119148
1	119164
1	119179
1	119195
1	119211
1	119226
1	119242
1	119273
1	119289
1	119304
1	119320
1	119336
1	119351
1	119367
1	119382
1	119398
1	119414
1	119429
1	119445
1	119461
1	119476
1	119492
1	119507
1	119523
1	119539
1	119554
1	119570
1	119601
1	119617
1	119632
1	119636
1	119654
1	119677
1	119693
1	119709
1	119724
1	119740
1	119756
1	119771
1	119787
1	119802
1	119818
1	119834
1	119849
1	119881
1	119896
1	119912
1	119927
1	119943
1	119959
1	119974
1	119990
1	120006
1	120021
1	120037
1	120052
1	120068
1	120084
1	120099
1	120115
1	120131
1	120146
1	120162
1	120177
1	120209
1	120224
1	120240
1	120256
1	120271
1	120287
1	120302
1	120318
1	120334
1	120349
1	120365
1	120381
1	120396
1	120412
1	120428
1	120443
1	120459
1	120474
1	120490
1	120521
1	120537
1	120553
1	120568
1	120584
1	120599
1	120615
1	120631
1	120646
1	120662
1	120678
1	120693
1	120709
1	120724
1	120740
1	120756
1	120771
1	120803
1	120818
1	120818
1	120849
1	120865
1	120881
1	120896
1	120912
1	120928
1	120943
1	120959
1	120974
1	120990
1	121006
1	121021
1	121037
1	121053
1	121068
1	121084
1	121099
1	121115
1	121131
1	121162
1	121178
1	121193
1	121209
1	121224
1	121240
1	121256
1	121271
1	121287
0	121303
0	121318
0	121334
0	121349
0	121365
0	121381
0	121396
0	121428
0	121443
0	121459
1	121474
1	121490
1	121506
1	121521
1	121537
1	121553
1	121568
1	121584
1	121599
1	121615
1	121631
1	121646
1	121662
1	121678
1	121693
1	121709
1	121724
1	121740
1	121756
1	121771
1	121803
1	121818
1	121834
1	121849
1	121865
1	121881
1	121896
1	121912
1	121928
1	121943
1	121959
1	121974
1	121990
1	122006
1	122021
1	122037
1	122053
1	122068
1	122084
1	122115
1	122131
1	122146
1	122162
1	122178
1	122193
1	122209
1	122224
1	122240
1	122256
1	122271
1	122287
1	122303
1	122318
1	122334
1	122349
1	122365
1	122381
1	122396
1	122412
1	122443
1	122459
1	122474
1	122490
1	122506
1	122521
1	122537
1	122553
1	122568
1	122584
1	122599
1	122615
1	122631
1	122646
1	122662
1	122678
1	122693
1	122709
1	122724
1	122756
1	122771
1	122787
1	122803
1	122818
1	122834
1	122849
1	122865
1	122881
1	122896
1	122912
1	122928
1	122943
1	122960
1	122972
1	123000
1	123015
1	123031
1	123046
1	123062
1	123078
1	123093
1	123109
1	123125
1	123140
1	123156
1	123171
1	123187
1	123203
1	123218
1	123234
1	123250
1	123281
1	123297
1	123300
1	123325
1	123341
1	123356
1	123372
1	123388
1	123403
1	123419
1	123435
1	123450
1	123466
1	123481
1	123497
1	123513
1	123544
1	123560
1	123575
1	123591
1	123607
1	123622
1	123638
1	123653
1	123669
1	123685
1	123700
1	123716
1	123732
1	123747
1	123763
1	123778
1	123794
1	123810
1	123825
1	123841
1	123872
1	123888
1	123903
1	123919
1	123935
1	123950
1	123966
1	123982
1	123997
1	124013
1	124028
1	124044
1	124060
1	124075
1	124091
1	124107
1	124122
1	124138
1	124153
1	124185
1	124200
1	124216
1	124232
1	124247
1	124263
1	124278
1	124294
1	124310
1	124325
1	124341
1	124357
1	124372
1	124388
1	124403
1	124419
1	124435
1	124450
1	124466
1	124482
