blink	time	pupil diam	eyeX	eyeY
1	140	3.67	0.43873	0.43220
1	171	3.35	0.42500	0.42889
1	187	3.35	0.35764	0.40696
1	203	3.5300000000000002	0.22634	0.38571
1	218	3.5300000000000002	0.19046	0.36224
1	234	3.5300000000000002	0.16793	0.32504
1	250	3.63	0.22899	0.31018
1	281	3.63	0.18543	0.32643
1	296	3.63	0.72729	0.25022
1	312	3.63	1.26039	0.17332
1	328	3.63	1.26039	0.17332
1	343	3.63	0.93490	0.21715
1	359	3.49	0.50559	0.27753
1	375	3.49	0.36747	0.20382
1	390	3.49	0.65315	0.17140
1	406	3.49	1.22254	0.14563
1	421	3.49	1.04571	0.20625
1	437	3.49	1.14980	0.26781
1	453	4.31	1.05830	0.31201
1	468	4.31	0.97350	0.33703
1	484	4.31	0.84168	0.37652
1	500	4.58	0.79911	0.38148
1	515	4.58	0.63325	0.37197
1	531	4.58	0.42408	0.35808
1	546	4.55	0.32005	0.34654
1	562	4.55	0.49303	0.35623
1	593	4.55	0.55922	0.34218
1	609	4.37	0.59092	0.32909
1	625	4.37	0.59092	0.32909
1	640	4.37	0.62261	0.31601
1	656	4.37	0.62261	0.31601
1	671	4.37	0.65096	0.32036
1	687	4.37	0.65637	0.32497
1	703	4.18	0.65902	0.32724
1	718	4.18	0.65857	0.32764
1	734	4.18	0.66573	0.33071
1	750	4.21	0.67079	0.33289
1	765	4.21	0.73656	0.34758
1	781	4.21	0.74413	0.35557
1	796	4.5	0.74987	0.36196
1	812	4.5	0.74497	0.36571
1	828	4.5	0.74968	0.36969
1	843	4.45	0.75345	0.37306
1	859	4.45	0.80496	0.41123
1	875	4.45	0.79143	0.41696
1	890	4.31	0.78691	0.41887
1	921	4.31	0.89507	0.52771
1	925	4.31	0.99192	0.62257
1	941	4.4	1.02420	0.65419
1	957	4.4	0.98049	0.62407
1	972	4.4	1.09049	0.54441
1	1004	4.35	1.12716	0.51786
1	1019	4.35	1.18696	0.46199
1	1035	4.35	1.20389	0.46283
1	1050	4.21	1.20953	0.46311
1	1066	4.21	1.20716	0.46208
1	1082	4.21	1.20444	0.46336
1	1097	4.33	1.20262	0.46421
1	1113	4.33	1.21415	0.39596
1	1129	4.33	1.12397	0.39649
1	1144	4.53	1.05399	0.39692
1	1160	4.53	1.02407	0.42784
1	1175	4.53	0.99964	0.45315
1	1191	4.58	0.97950	0.47427
1	1207	4.58	0.94263	0.46641
1	1222	4.58	0.88315	0.48382
1	1238	4.74	0.81844	0.57610
1	1254	4.74	0.70504	0.54938
1	1269	4.74	0.71054	0.53321
1	1300	4.590000000000001	0.80509	0.48426
1	1316	4.590000000000001	0.70778	0.45034
1	1332	4.590000000000001	0.71096	0.50897
1	1347	4.7	0.71288	0.54414
1	1363	4.7	0.73109	0.57237
1	1379	4.7	0.73360	0.58906
1	1394	4.52	0.73517	0.60154
1	1410	4.52	0.73418	0.61419
1	1425	4.52	0.73733	0.62496
1	1441	4.54	0.73966	0.63374
1	1457	4.54	0.72555	0.63896
1	1472	4.54	0.72555	0.63896
1	1488	4.54	0.72555	0.63896
1	1504	4.54	0.72555	0.63896
1	1519	4.54	0.70575	0.62017
1	1535	4.55	0.66950	0.62403
1	1550	4.55	0.55783	0.50462
1	1566	4.55	0.53065	0.46365
1	1582	4.760000000000001	0.46674	0.38293
1	1597	4.760000000000001	0.47061	0.38134
1	1629	4.760000000000001	0.57998	0.48213
1	1644	4.84	0.69155	0.58247
1	1660	4.84	0.57574	0.48253
1	1675	4.84	0.53044	0.44756
1	1691	4.83	0.44696	0.37932
1	1707	4.83	0.46542	0.38419
1	1722	4.83	0.43617	0.38163
1	1738	4.71	0.42155	0.38035
1	1754	4.71	0.43417	0.38080
1	1769	4.71	0.42953	0.37800
1	1785	4.66	0.42622	0.37600
1	1800	4.66	0.42622	0.37600
1	1816	4.66	0.56185	0.35301
1	1832	4.66	0.69490	0.32960
1	1847	4.66	0.84374	0.33689
1	1863	4.66	0.87460	0.33408
1	1879	4.37	0.95527	0.33369
1	1894	4.37	0.96175	0.33651
1	1910	4.37	0.83311	0.39500
1	1941	4.47	0.70660	0.45439
1	1941	4.47	0.63367	0.47947
1	1972	4.47	0.62855	0.49766
1	1988	4.49	0.59912	0.52420
1	2004	4.49	0.56172	0.50485
1	2019	4.49	0.70403	0.45311
1	2035	4.52	0.83382	0.39491
1	2050	4.52	0.90493	0.36733
1	2066	4.52	0.92353	0.35833
1	2082	4.460000000000001	0.96584	0.34013
1	2097	4.460000000000001	0.75539	0.41886
1	2113	4.460000000000001	0.69649	0.45050
1	2129	4.5	0.56746	0.50843
1	2144	4.5	0.57485	0.51211
1	2160	4.5	0.40251	0.45358
1	2175	4.5	0.23263	0.39628
1	2191	4.5	0.37322	0.43506
1	2207	4.5	0.43822	0.45938
1	2222	4.6499999999999995	0.55001	0.49663
1	2238	4.6499999999999995	0.57770	0.40326
1	2269	4.6499999999999995	0.60002	0.37905
1	2285	4.54	0.63157	0.32371
1	2300	4.54	0.82001	0.32253
1	2316	4.54	0.75032	0.39206
1	2332	4.62	0.74329	0.46116
1	2347	4.62	0.64555	0.47849
1	2363	4.62	0.60938	0.48218
1	2379	4.52	0.54062	0.49165
1	2394	4.52	0.52510	0.48348
1	2410	4.52	0.52484	0.48288
1	2425	4.4	0.52471	0.48258
1	2441	4.4	0.54503	0.44976
1	2457	4.4	0.56023	0.42843
1	2472	4.32	0.57108	0.41320
1	2488	4.32	0.57868	0.40129
1	2504	4.32	0.57747	0.41307
1	2519	4.31	0.57651	0.42250
1	2535	4.31	0.57692	0.43094
1	2550	4.31	0.50908	0.47757
1	2566	4.45	0.45168	0.51703
1	2598	4.45	0.46404	0.50378
1	2601	4.45	0.47393	0.50560
1	2616	4.37	0.48259	0.50720
1	2634	4.37	0.49783	0.48534
1	2649	4.37	0.49783	0.48534
1	2665	4.37	0.49783	0.48534
1	2696	4.37	0.49783	0.48534
1	2712	4.37	0.47817	0.50016
1	2727	4.37	0.47817	0.50016
1	2743	4.37	0.74251	0.56985
1	2759	4.37	0.82834	0.47645
1	2774	4.36	0.73909	0.39491
1	2790	4.36	0.69246	0.36856
1	2806	4.36	0.63114	0.31679
1	2821	4.18	0.63774	0.31897
1	2837	4.18	0.64158	0.31874
1	2852	4.18	0.64066	0.31875
1	2868	4.26	0.64011	0.31875
1	2884	4.26	0.64193	0.32366
1	2899	4.26	0.64172	0.32173
1	2915	4.37	0.64155	0.32028
1	2931	4.37	0.68826	0.41665
1	2946	4.37	0.73061	0.49262
1	2962	4.22	0.77867	0.57857
1	2977	4.22	0.67022	0.54200
1	2993	4.22	0.62756	0.52533
1	3024	4.159999999999999	0.54875	0.49647
1	3040	4.159999999999999	0.54861	0.49719
1	3056	4.159999999999999	0.54664	0.49603
1	3071	4.23	0.54565	0.49546
1	3087	4.23	0.55912	0.50298
1	3102	4.23	0.55528	0.50114
1	3118	4.2	0.55254	0.49983
1	3134	4.2	0.54896	0.49742
1	3149	4.2	0.54614	0.49558
1	3165	4.21	0.54388	0.49410
1	3181	4.21	0.54109	0.49227
1	3196	4.21	0.54142	0.49248
1	3212	4.13	0.54169	0.49265
1	3227	4.13	0.54526	0.49474
1	3243	4.13	0.54502	0.49469
1	3259	4.12	0.54480	0.49465
1	3274	4.12	0.54409	0.49422
1	3290	4.12	0.54433	0.49455
1	3306	4.15	0.54454	0.49484
1	3337	4.15	0.54633	0.48570
1	3352	4.15	0.53383	0.48195
1	3368	4.14	0.52247	0.47855
1	3384	4.14	0.52427	0.47157
1	3399	4.14	0.50689	0.43646
1	3415	4.159999999999999	0.51412	0.36875
1	3431	4.159999999999999	0.52938	0.34876
1	3446	4.159999999999999	0.54347	0.30417
1	3462	4.21	0.54630	0.30343
1	3477	4.21	0.56752	0.31132
1	3493	4.21	0.57173	0.31431
1	3509	4.15	0.57426	0.31611
1	3524	4.15	0.57417	0.31463
1	3540	4.15	0.57117	0.31211
1	3556	4.159999999999999	0.56892	0.31021
1	3571	4.159999999999999	0.56692	0.30794
1	3587	4.159999999999999	0.56585	0.30661
1	3602	4.069999999999999	0.56498	0.30552
1	3618	4.069999999999999	0.56179	0.30300
1	3634	4.069999999999999	0.56378	0.30370
1	3665	4.14	0.56548	0.30430
1	3681	4.14	0.56469	0.30360
1	3696	4.14	0.56359	0.30287
1	3712	4.069999999999999	0.56261	0.30223
1	3727	4.069999999999999	0.56125	0.30152
1	3743	4.069999999999999	0.56024	0.30097
1	3759	4.069999999999999	0.55934	0.30048
1	3774	4.069999999999999	0.56813	0.30158
1	3790	4.069999999999999	0.56696	0.30114
1	3806	4.05	0.56589	0.30075
1	3821	4.05	0.56698	0.30096
1	3837	4.05	0.56816	0.30124
1	3852	4.08	0.56924	0.30150
1	3868	4.08	0.57061	0.30179
1	3884	4.08	0.57097	0.30202
1	3899	4.0600000000000005	0.57130	0.30224
1	3915	4.0600000000000005	0.57298	0.30307
1	3931	4.0600000000000005	0.57280	0.30291
1	3946	4.04	0.57264	0.30276
1	3977	4.04	0.57274	0.30289
1	3993	4.04	0.57305	0.30277
1	4009	4.08	0.57335	0.30265
1	4024	4.08	0.57409	0.30280
1	4040	4.08	0.57498	0.30312
1	4056	4.0200000000000005	0.57582	0.30343
1	4071	4.0200000000000005	0.57612	0.30349
1	4087	4.0200000000000005	0.57677	0.30352
1	4102	3.93	0.57738	0.30354
1	4118	3.93	0.57812	0.30396
1	4134	3.93	0.57858	0.30392
1	4149	3.94	0.57901	0.30388
1	4165	3.94	0.57968	0.30439
1	4181	3.94	0.58052	0.30482
1	4196	3.92	0.58132	0.30523
1	4212	3.92	0.58140	0.30545
1	4227	3.92	0.58237	0.30570
1	4243	3.9	0.58322	0.30598
1	4259	3.9	0.58258	0.30573
1	4290	3.9	0.58168	0.30538
1	4306	3.91	0.58077	0.30502
1	4321	3.91	0.58090	0.30511
1	4337	3.91	0.58132	0.30531
1	4352	3.9899999999999998	0.58175	0.30551
1	4368	3.9899999999999998	0.58266	0.30615
1	4384	3.9899999999999998	0.58355	0.30653
1	4399	4.029999999999999	0.58444	0.30692
1	4415	4.029999999999999	0.58531	0.30762
1	4431	4.029999999999999	0.58554	0.30774
1	4446	3.9699999999999998	0.58577	0.30786
1	4462	3.9699999999999998	0.58718	0.30856
1	4477	3.9699999999999998	0.58791	0.30889
1	4493	3.93	0.58865	0.30923
1	4509	3.93	0.58962	0.30977
1	4524	3.93	0.59031	0.31015
1	4540	4.0600000000000005	0.59100	0.31052
1	4556	4.0600000000000005	0.58733	0.31051
1	4571	4.0600000000000005	0.58865	0.31102
1	4587	4.01	0.58997	0.31154
1	4618	4.01	0.59012	0.31176
1	4634	4.01	0.58874	0.31163
1	4649	4.11	0.58736	0.31150
1	4665	4.11	0.58823	0.31289
1	4681	4.11	0.58788	0.31701
1	4696	4.1000000000000005	0.57915	0.34985
1	4712	4.1000000000000005	0.62937	0.35517
1	4727	4.1000000000000005	0.59372	0.39656
1	4743	4.1000000000000005	0.57590	0.41725
1	4759	4.1000000000000005	0.56975	0.43254
1	4774	4.1000000000000005	0.56597	0.44293
1	4790	4.13	0.56328	0.45034
1	4806	4.13	0.48986	0.44494
1	4821	4.13	0.49391	0.44904
1	4837	4.13	0.49715	0.45232
1	4852	4.13	0.50230	0.45665
1	4868	4.13	0.50704	0.46065
1	4884	4.0600000000000005	0.51105	0.46403
1	4899	4.0600000000000005	0.50039	0.47502
1	4931	4.0600000000000005	0.49500	0.46764
1	4946	4.13	0.49320	0.46518
1	4962	4.13	0.49980	0.46918
1	4978	4.13	0.49980	0.46918
1	4993	4.13	0.49980	0.46918
1	5009	4.13	0.49980	0.46918
1	5024	4.13	0.49960	0.46724
1	5040	4.13	0.49960	0.46724
1	5056	4.13	0.49960	0.46724
1	5071	4.13	0.91708	1.15464
1	5087	4	0.91708	1.15464
1	5103	4	0.85065	0.81117
1	5118	4	0.77810	0.46989
1	5134	4	0.73876	0.30036
1	5149	4	0.71967	0.24120
1	5165	4	0.66994	0.19320
1	5181	4.04	0.64942	0.25955
1	5196	4.04	0.61555	0.33818
1	5212	4.04	0.55901	0.42940
1	5228	4	0.52967	0.44812
1	5259	4	0.52967	0.44812
1	5274	4	0.50033	0.46684
1	5290	4	0.50033	0.46684
1	5306	4	0.50579	0.46930
1	5321	4	0.58622	0.41039
1	5337	4.01	0.62371	0.37970
1	5353	4.01	0.52846	0.39254
1	5368	4.01	0.38856	0.51781
0	5384	4.01	0.38856	0.51781
0	5399	4.01	0.38856	0.51781
0	5415	4.01	0.00000	0.00000
0	5431	4.01	0.00000	0.00000
0	5446	4.01	0.00000	0.00000
0	5462	4.01	0.00000	0.00000
0	5478	4.01	0.00000	0.00000
0	5493	4.01	0.00000	0.00000
0	5509	4.01	0.00000	0.00000
0	5540	4.01	0.00000	0.00000
1	5556	4.01	-0.45894	0.49130
1	5571	4.01	-0.95476	0.91767
1	5587	3.62	-0.97320	0.88521
1	5603	3.62	-0.97320	0.88521
1	5618	3.62	-0.78702	0.71546
1	5634	3.52	-0.68471	0.64681
1	5649	3.52	-0.85266	0.81493
1	5665	3.52	-0.83599	1.22161
1	5681	3.8	-0.78650	1.57856
1	5696	3.8	-0.66327	1.14738
1	5712	3.8	0.23306	1.07537
1	5728	3.7	1.04302	1.04048
1	5743	3.7	0.42456	0.99852
1	5759	3.7	1.01930	0.96864
1	5774	3.6	1.51829	0.97718
1	5790	3.6	0.66449	0.99214
1	5806	3.6	0.50903	0.50025
1	5821	3.67	0.53097	-0.00338
1	5837	3.67	0.52330	0.21745
1	5853	3.67	0.56975	-0.12035
1	5868	3.62	0.60907	-0.31674
1	5899	3.62	0.01762	0.06045
1	5915	3.62	-0.56100	0.64862
1	5931	3.68	-0.86356	1.14639
1	5946	3.68	-0.39401	0.59938
1	5962	3.68	-0.63580	0.77754
1	5978	3.4499999999999997	-0.96109	0.98032
1	5993	3.4499999999999997	-0.94092	0.97750
1	6009	3.4499999999999997	-0.93543	1.35971
1	6024	3.31	-0.77738	1.64193
1	6040	3.31	-0.34210	1.31068
1	6056	3.31	0.12496	0.69481
1	6071	3.33	0.29537	0.10345
1	6087	3.33	0.40498	-0.09962
1	6103	3.33	0.62566	-0.09683
1	6118	3.2	0.70633	0.30317
1	6134	3.2	0.13494	0.50700
1	6149	3.2	0.11624	0.38373
1	6165	3.5100000000000002	0.34289	-0.04145
1	6181	3.5100000000000002	-0.28202	0.46138
1	6212	3.5100000000000002	0.12356	0.56380
1	6228	3.7	0.72826	0.62739
1	6243	3.7	0.54409	0.33464
1	6259	3.7	0.39341	0.76124
1	6274	3.3899999999999997	0.03246	1.30241
1	6290	3.3899999999999997	-0.13242	1.50546
1	6306	3.3899999999999997	-0.44655	1.37878
1	6321	3.37	-0.49777	0.88000
1	6337	3.37	-0.13341	0.43553
1	6353	3.37	-0.34115	0.30821
1	6368	3.28	-0.70547	0.65251
1	6384	3.28	0.00719	0.79850
1	6399	3.28	-0.00207	1.18678
1	6415	3.2399999999999998	-0.18550	1.32990
1	6431	3.2399999999999998	-0.18550	1.32990
1	6446	3.2399999999999998	0.23161	1.04757
1	6462	3.0500000000000003	0.53188	0.83484
1	6478	3.0500000000000003	0.85399	0.79683
1	6493	3.0500000000000003	0.47102	0.80498
1	6524	3.17	-0.22315	0.93850
1	6540	3.17	0.43056	0.85912
1	6556	3.17	-0.00991	0.88463
1	6571	2.99	-0.43015	0.88308
1	6587	2.99	-0.29962	0.63707
1	6603	2.99	-0.43829	0.86636
1	6618	1.14	-0.40324	1.18893
1	6634	1.14	-0.40324	1.18893
1	6649	1.14	0.61644	1.12119
1	6665	0.9700000000000001	1.05194	0.92716
1	6681	0.9700000000000001	1.05762	0.92269
1	6696	0.9700000000000001	0.83117	0.94024
1	6712	0.79	0.40310	1.03159
1	6728	0.79	0.16784	0.96617
1	6743	0.79	-0.16382	0.97913
1	6759	0.79	-0.16382	0.97913
1	6774	0.79	-0.05192	0.93544
1	6790	0.79	0.08647	0.62748
1	6806	0.35	0.10570	0.51713
1	6821	0.35	0.11953	0.49966
1	6853	0.35	0.16822	0.54198
1	6868	0.2	0.20037	0.64820
1	6884	0.2	0.17388	0.63707
1	6899	0.2	0.26051	0.68501
1	6915	0.24000000000000002	0.34431	0.68542
1	6931	0.24000000000000002	0.40725	0.67802
1	6946	0.24000000000000002	0.46220	0.67950
1	6962	0.22	0.44378	0.68448
1	6978	0.22	0.46589	0.67422
1	6993	0.22	0.38515	0.59616
1	7009	0.24000000000000002	0.30256	0.52073
1	7024	0.24000000000000002	0.23637	0.53661
1	7040	0.24000000000000002	0.14382	0.54050
1	7056	0.24000000000000002	0.12566	0.57417
1	7071	0.24000000000000002	0.22505	0.61110
1	7087	0.24000000000000002	0.25514	0.58893
1	7103	0.25	0.24461	0.53146
1	7118	0.25	0.23897	0.51261
1	7134	0.25	0.28616	0.48137
1	7149	0.23	0.34143	0.48829
1	7181	0.23	0.27762	0.49547
1	7196	0.23	0.27762	0.49547
1	7212	0.23	0.27762	0.49547
1	7228	0.23	0.24367	0.50643
1	7243	0.23	0.23449	0.55648
1	7259	0.22	0.22836	0.58985
1	7274	0.22	0.25959	0.58100
1	7290	0.22	0.25147	0.60223
1	7306	0.24000000000000002	0.24515	0.61874
1	7321	0.24000000000000002	0.26239	0.62655
1	7337	0.24000000000000002	0.25759	0.63783
1	7353	0.25	0.25359	0.64724
1	7368	0.25	0.24807	0.65587
1	7384	0.25	0.22629	0.69224
1	7399	0.22	0.19983	0.72470
1	7415	0.22	0.26881	0.71961
1	7431	0.22	0.23466	0.67975
1	7446	0.23	0.21417	0.65584
1	7462	0.23	0.20190	0.63897
1	7493	0.23	0.19182	0.63034
1	7509	0.23	0.18426	0.62386
1	7524	0.23	0.18071	0.61182
1	7540	0.23	0.17630	0.62759
1	7556	0.23	0.17269	0.64050
1	7571	0.23	0.17478	0.64898
1	7587	0.23	0.17236	0.65315
1	7603	0.22	0.17029	0.65672
1	7618	0.22	0.14117	0.63612
1	7634	0.22	0.14731	0.66477
1	7650	0.22	0.14936	0.67431
1	7665	0.22	0.15505	0.68185
1	7681	0.22	0.16730	0.69672
1	7696	0.23	0.17546	0.70664
1	7712	0.23	0.16914	0.68436
1	7728	0.23	0.16311	0.67630
1	7744	0.22	0.15841	0.67004
1	7758	0.22	0.15744	0.67422
1	7776	0.22	0.18279	0.67153
1	7792	0.23	0.20392	0.66929
1	7808	0.23	0.20243	0.67494
1	7823	0.23	0.19739	0.67666
1	7854	0.22	0.19302	0.67814
1	7870	0.22	0.20769	0.67639
1	7886	0.22	0.20435	0.67723
1	7901	0.22	0.20138	0.67798
1	7917	0.22	0.19547	0.67875
1	7933	0.22	0.19199	0.67349
1	7948	0.24000000000000002	0.18885	0.66873
1	7964	0.24000000000000002	0.23780	0.66351
1	7979	0.24000000000000002	0.34391	0.61861
1	7995	0.22	0.37928	0.60364
1	8011	0.22	0.44306	0.62286
1	8026	0.22	0.28589	0.60521
1	8042	0.22	0.23351	0.59932
1	8058	0.22	0.16930	0.54045
1	8073	0.22	0.18018	0.64632
1	8089	0.23	0.18381	0.68162
1	8104	0.23	0.18815	0.66412
1	8120	0.23	0.18205	0.58547
1	8136	0.24000000000000002	0.18001	0.55925
1	8167	0.24000000000000002	0.15979	0.52947
1	8183	0.24000000000000002	0.33026	0.58477
1	8198	0.24000000000000002	0.38709	0.60320
1	8214	0.24000000000000002	0.38323	0.66866
1	8229	0.24000000000000002	0.25346	0.67756
1	8245	0.24000000000000002	0.21021	0.68053
1	8261	0.24000000000000002	0.12469	0.65011
1	8276	0.24000000000000002	0.13196	0.61357
1	8292	0.24000000000000002	0.13439	0.60139
1	8308	0.24000000000000002	0.17969	0.63614
1	8323	0.24000000000000002	0.17261	0.65255
1	8339	0.23	0.16788	0.66349
1	8354	0.23	0.16166	0.64637
1	8370	0.23	0.20015	0.65167
1	8386	0.24000000000000002	0.23009	0.65579
1	8401	0.24000000000000002	0.25401	0.64963
1	8417	0.24000000000000002	0.24399	0.64380
1	8433	0.23	0.23563	0.63895
1	8448	0.23	0.24726	0.64568
1	8479	0.23	0.24165	0.63653
1	8495	0.24000000000000002	0.26240	0.63540
1	8511	0.24000000000000002	0.35750	0.65626
1	8526	0.24000000000000002	0.31875	0.58440
1	8542	0.25	0.31170	0.51950
1	8558	0.25	0.27345	0.66587
1	8573	0.25	0.22724	0.63637
1	8589	0.24000000000000002	0.16828	0.65566
1	8604	0.24000000000000002	0.16760	0.60807
1	8620	0.24000000000000002	0.27281	0.61237
1	8636	0.23	0.37780	0.60080
1	8651	0.23	0.28077	0.67489
1	8667	0.23	0.32553	0.61977
1	8683	0.24000000000000002	0.34791	0.59221
1	8698	0.24000000000000002	0.34791	0.59221
1	8714	0.24000000000000002	0.36605	0.58996
1	8729	0.22	0.37814	0.58846
1	8745	0.22	0.34475	0.61273
1	8761	0.22	0.35705	0.60889
1	8776	0.25	0.36661	0.60591
1	8808	0.25	0.34469	0.60342
1	8823	0.25	0.32672	0.60202
1	8839	0.23	0.31174	0.60085
1	8854	0.23	0.32198	0.60677
1	8870	0.23	0.31104	0.60048
1	8886	0.22	0.30156	0.59503
1	8901	0.22	0.30970	0.59903
1	8917	0.22	0.27799	0.59108
1	8933	0.24000000000000002	0.24446	0.52464
1	8948	0.24000000000000002	0.30320	0.58567
1	8964	0.24000000000000002	0.30320	0.58567
1	8979	0.24000000000000002	0.30320	0.58567
1	8995	0.24000000000000002	0.24920	0.60099
1	9011	0.24000000000000002	0.23286	0.58453
1	9026	0.24000000000000002	0.22197	0.57356
1	9042	0.24000000000000002	0.22197	0.57356
1	9058	0.24000000000000002	0.20555	0.58452
1	9073	0.24000000000000002	0.19323	0.59274
1	9089	0.24000000000000002	0.19323	0.59274
1	9120	0.24000000000000002	0.18205	0.59872
1	9136	0.23	0.17311	0.60350
1	9151	0.23	0.16797	0.59960
1	9167	0.23	0.17140	0.61075
1	9183	0.23	0.17431	0.62019
1	9198	0.23	0.17499	0.62648
1	9214	0.23	0.15989	0.64298
1	9229	0.23	0.26914	0.67253
1	9245	0.23	0.21090	0.65838
1	9261	0.23	0.18888	0.65486
1	9276	0.24000000000000002	0.17567	0.65276
1	9292	0.24000000000000002	0.17957	0.66856
1	9308	0.24000000000000002	0.21719	0.66168
1	9323	0.23	0.24541	0.65652
1	9339	0.23	0.26583	0.64606
1	9354	0.23	0.25034	0.64305
1	9370	0.22	0.23767	0.64060
1	9386	0.22	0.22963	0.63516
1	9402	0.22	0.23098	0.62121
1	9417	0.24000000000000002	0.23213	0.60926
1	9434	0.24000000000000002	0.22461	0.61088
1	9465	0.24000000000000002	0.22461	0.61088
1	9481	0.24000000000000002	0.22461	0.61088
1	9496	0.24000000000000002	0.21948	0.61798
1	9512	0.24000000000000002	0.21611	0.61153
1	9527	0.23	0.22988	0.57442
1	9543	0.23	0.18450	0.63125
1	9559	0.23	0.19264	0.66720
1	9574	0.25	0.18566	0.72209
1	9590	0.25	0.15856	0.70773
1	9606	0.25	0.22329	0.71171
1	9621	0.24000000000000002	0.25565	0.71371
1	9637	0.24000000000000002	0.31688	0.67844
1	9652	0.24000000000000002	0.25815	0.60333
1	9668	0.25	0.23857	0.57830
1	9684	0.25	0.18441	0.54160
1	9699	0.25	0.17523	0.61974
1	9715	0.25	0.17217	0.64579
1	9731	0.25	0.18973	0.59436
1	9746	0.25	0.17787	0.59598
1	9764	0.24000000000000002	0.16997	0.59707
1	9788	0.24000000000000002	0.17595	0.61852
1	9804	0.24000000000000002	0.17998	0.60577
1	9820	0.25	0.18311	0.59585
1	9835	0.25	0.20682	0.59943
1	9851	0.25	0.19975	0.60052
1	9867	0.24000000000000002	0.19386	0.60143
1	9882	0.24000000000000002	0.21058	0.60363
1	9898	0.24000000000000002	0.21058	0.60363
1	9913	0.24000000000000002	0.21058	0.60363
1	9929	0.24000000000000002	0.20658	0.59942
1	9945	0.24000000000000002	0.20478	0.60978
1	9960	0.24000000000000002	0.20321	0.61885
1	9976	0.24000000000000002	0.19961	0.62377
1	9992	0.24000000000000002	0.19784	0.62075
1	10023	0.24000000000000002	0.19625	0.61804
1	10038	0.24000000000000002	0.19302	0.61982
1	10054	0.24000000000000002	0.21949	0.64338
1	10070	0.24000000000000002	0.32048	0.66515
1	10085	0.24000000000000002	0.36227	0.66657
1	10101	0.24000000000000002	0.43283	0.66283
1	10117	0.23	0.43199	0.64748
1	10132	0.23	0.43199	0.64748
1	10148	0.23	0.29855	0.66247
1	10163	0.24000000000000002	0.23225	0.67764
1	10179	0.24000000000000002	0.25724	0.71128
1	10195	0.24000000000000002	0.20528	0.72126
1	10210	0.24000000000000002	0.17397	0.70684
1	10226	0.24000000000000002	0.18217	0.72040
1	10242	0.24000000000000002	0.18981	0.71866
1	10257	0.25	0.19439	0.71761
1	10273	0.25	0.18962	0.69249
1	10288	0.25	0.18483	0.69302
1	10304	0.25	0.18124	0.69342
1	10335	0.25	0.18091	0.67952
1	10351	0.25	0.18288	0.68555
1	10367	0.25	0.18450	0.69048
1	10382	0.25	0.20571	0.68174
1	10398	0.25	0.19954	0.67825
1	10413	0.23	0.19426	0.67526
1	10429	0.23	0.19227	0.66585
1	10445	0.23	0.18772	0.66394
1	10460	0.25	0.18370	0.66226
1	10476	0.25	0.17977	0.65633
1	10492	0.25	0.18147	0.66163
1	10507	0.23	0.18300	0.66640
1	10523	0.23	0.18083	0.66263
1	10538	0.23	0.17775	0.65815
1	10554	0.22	0.16616	0.62066
1	10570	0.22	0.17099	0.56976
1	10585	0.22	0.16198	0.60988
1	10601	0.24000000000000002	0.15747	0.62994
1	10617	0.24000000000000002	0.16036	0.65100
1	10648	0.24000000000000002	0.16209	0.62568
1	10663	0.22	0.16333	0.60759
1	10679	0.22	0.16753	0.63303
1	10695	0.22	0.15901	0.63638
1	10710	0.23	0.15220	0.63906
1	10726	0.23	0.15220	0.63906
1	10742	0.23	0.17448	0.62502
1	10757	0.23	0.19305	0.61332
1	10773	0.23	0.18914	0.61050
1	10788	0.23	0.20378	0.60163
1	10804	0.22	0.21647	0.59395
1	10820	0.22	0.21422	0.58881
1	10835	0.22	0.22793	0.56654
1	10851	0.22	0.04114	0.62736
1	10867	0.22	-0.04377	0.56107
1	10882	0.22	-0.21857	0.51028
1	10898	0.22	-0.31347	0.42916
1	10913	0.22	-0.39039	0.34886
1	10929	0.22	-0.21300	0.03029
1	10945	0.22	0.15286	-0.32525
1	10976	0.22	-1.43292	1.04324
1	10992	0.22	-2.20511	1.99262
1	11007	0.22	-2.62300	2.59740
1	11023	0.22	0.55399	1.71804
1	11038	0.22	1.74021	0.54233
1	11054	0.22	1.72037	-0.63271
1	11070	0.22	-2.20863	1.66995
1	11085	0.22	-3.38207	1.40756
1	11101	0.22	-2.58110	0.58138
1	11117	0.22	-5.20177	2.46669
1	11132	0.22	-2.17450	0.55482
1	11148	0.22	1.76260	-1.88663
1	11163	0.22	2.84981	-2.57468
1	11179	0.22	5.36196	-4.13943
1	11195	0.22	5.36196	-4.13943
1	11216	0.22	5.36196	-4.13943
1	11231	0.22	-7.29813	3.54738
1	11247	0.22	-7.29813	3.54738
1	11263	0.22	-7.02788	4.22560
1	11278	0.22	-3.62411	3.46107
1	11294	0.22	-0.35548	2.35743
1	11309	0.22	4.48067	0.95432
1	11325	0.22	2.85206	0.95832
1	11341	0.22	-2.82894	2.21570
1	11356	0.22	-2.82894	2.21570
1	11372	0.22	-5.58462	1.56371
1	11403	0.22	-4.12196	0.60902
1	11419	0.22	4.55541	-0.97402
1	11434	0.22	5.61645	-1.12517
1	11450	0.22	1.60749	-0.00745
1	11466	0.22	7.14524	-1.02060
1	11481	0.22	5.01286	-0.79418
1	11497	0.22	2.11609	-0.62006
1	11513	0.22	2.77371	-1.48039
1	11528	0.22	-2.79435	0.81874
1	11544	0.22	-7.24283	3.46096
1	11559	0.22	-7.48427	3.35271
1	11575	0.22	-10.79912	4.83782
1	11591	0.22	-11.76901	5.05594
1	11606	0.22	-11.76901	5.05594
1	11622	0.22	-12.73890	5.27407
0	11638	0.22	-12.73890	5.27407
0	11653	0.22	-12.73890	5.27407
0	11684	0.22	0.00000	0.00000
0	11700	0.22	0.00000	0.00000
0	11716	0.22	0.00000	0.00000
0	11731	0.22	0.00000	0.00000
0	11747	0.22	0.00000	0.00000
0	11763	0.22	0.00000	0.00000
0	11778	0.22	0.00000	0.00000
0	11794	0.22	0.00000	0.00000
1	11809	0.22	2.37072	-0.03293
1	11825	0.22	4.68026	-0.06815
1	11841	0.22	4.64967	-0.06929
1	11856	0.22	4.70109	-0.07037
1	11872	0.22	4.52865	-0.01915
1	11888	0.22	4.34579	0.03319
1	11903	0.22	4.95236	-0.02400
1	11919	0.22	3.71312	0.05788
1	11934	0.22	2.26202	0.14220
1	11950	0.22	2.35162	-0.33551
1	11966	0.22	1.04698	-0.18691
1	11981	0.22	0.42309	0.15839
1	11997	0.22	0.53927	0.11465
1	12013	0.22	0.80151	-0.09629
1	12044	0.22	1.31760	-0.45800
1	12059	0.22	1.72826	-0.74820
1	12075	0.22	2.30099	-1.16609
1	12091	0.22	2.41033	-1.25801
1	12106	0.22	2.50485	-1.31115
1	12122	0.22	2.61093	-1.38715
1	12138	0.22	2.61509	-1.39062
1	12153	0.22	2.62658	-1.39687
1	12169	0.22	14.27830	-7.35439
1	12184	0.22	25.92219	-13.30705
1	12200	0.22	18.96085	-9.99768
1	12216	0.22	16.01671	-8.74676
1	12231	0.22	10.73129	-6.17420
1	12247	0.22	8.81084	-5.37916
1	12263	0.22	5.16878	-3.66060
1	12278	0.22	5.12966	-3.62585
1	12294	0.22	5.18856	-3.71054
1	12309	0.22	5.36589	-3.81531
1	12325	0.22	5.53334	-3.89512
1	12341	0.22	27.64710	-14.14546
1	12372	0.22	27.50281	-14.03845
1	12388	0.22	16.21791	-8.76636
1	12403	0.22	12.41139	-6.98557
1	12419	0.22	26.92743	-13.71277
1	12434	0.22	48.98919	-23.96640
1	12450	0.22	78.34933	-38.05225
1	12466	0.22	116.71196	-56.29336
1	12481	0.22	129.36365	-62.36472
1	12497	0.22	133.97427	-64.58401
1	12513	0.22	94.88603	-45.71729
1	12528	0.22	47.16664	-22.70525
0	12544	0.22	47.16664	-22.70525
0	12559	0.22	-0.55275	0.30679
0	12575	0.22	-0.55275	0.30679
0	12591	0.22	-0.55275	0.30679
0	12606	0.22	0.00000	0.00000
0	12622	0.22	0.00000	0.00000
0	12653	0.22	0.00000	0.00000
0	12669	0.22	0.00000	0.00000
0	12684	0.22	0.00000	0.00000
0	12700	0.22	0.00000	0.00000
0	12716	0.22	0.00000	0.00000
0	12731	0.22	0.00000	0.00000
0	12747	0.22	0.00000	0.00000
0	12763	0.22	0.00000	0.00000
0	12778	0.22	0.00000	0.00000
0	12794	0.22	0.00000	0.00000
0	12809	0.22	0.00000	0.00000
1	12825	0.22	-0.27637	0.15339
1	12841	0.22	-0.55598	0.47054
1	12856	0.22	-0.91429	0.79388
1	12872	14.73	-0.89221	0.84496
1	12888	14.73	-0.56059	0.72930
1	12903	14.73	-0.19375	0.60223
1	12919	12.200000000000001	0.02842	0.49609
1	12934	12.200000000000001	0.22755	0.37123
1	12950	12.200000000000001	0.52838	0.21204
1	12966	12.200000000000001	0.61856	0.16834
1	12997	12.200000000000001	0.66314	0.24065
1	13013	12.200000000000001	-0.32201	0.74042
0	13028	12.200000000000001	-0.32201	0.74042
0	13044	12.200000000000001	-0.32201	0.74042
0	13059	12.200000000000001	0.00000	0.00000
0	13075	12.200000000000001	0.00000	0.00000
0	13091	12.200000000000001	0.00000	0.00000
0	13106	12.200000000000001	0.00000	0.00000
0	13122	12.200000000000001	0.00000	0.00000
0	13138	12.200000000000001	0.00000	0.00000
0	13153	12.200000000000001	0.00000	0.00000
0	13169	12.200000000000001	0.00000	0.00000
0	13184	12.200000000000001	0.00000	0.00000
0	13200	12.200000000000001	0.00000	0.00000
0	13216	12.200000000000001	0.00000	0.00000
0	13231	12.200000000000001	0.00000	0.00000
0	13247	12.200000000000001	0.00000	0.00000
0	13263	12.200000000000001	0.00000	0.00000
0	13294	12.200000000000001	0.00000	0.00000
0	13309	12.200000000000001	0.00000	0.00000
0	13325	12.200000000000001	0.00000	0.00000
0	13341	12.200000000000001	0.00000	0.00000
0	13356	12.200000000000001	0.00000	0.00000
0	13372	12.200000000000001	0.00000	0.00000
1	13388	12.200000000000001	0.37564	0.17561
1	13403	12.200000000000001	0.73617	0.34363
1	13419	3.8	0.72862	0.33983
1	13427	3.8	0.78254	0.31293
0	13443	3.8	0.80572	0.29758
0	13474	3.8	0.80572	0.29758
0	13490	3.8	0.80572	0.29758
0	13506	3.8	0.00000	0.00000
0	13512	3.8	0.00000	0.00000
0	13528	3.8	0.00000	0.00000
0	13546	3.8	0.00000	0.00000
0	13561	3.8	0.00000	0.00000
0	13577	3.8	0.00000	0.00000
0	13593	3.8	0.00000	0.00000
1	13608	3.0100000000000002	0.10226	0.16496
1	13624	3.0100000000000002	0.50683	0.17970
1	13655	3.0100000000000002	0.25206	0.49484
1	13671	3.0100000000000002	-0.25612	0.72013
1	13686	3.0100000000000002	0.18107	0.53405
1	13702	3.0100000000000002	0.24438	0.49395
1	13718	3.0100000000000002	0.28237	0.46989
1	13733	3.0100000000000002	0.33138	0.40561
1	13749	3.0100000000000002	0.50956	0.34481
1	13764	3.0100000000000002	0.91534	0.23742
1	13780	3.0100000000000002	0.92442	0.12761
1	13796	3.0100000000000002	0.96166	0.10868
1	13811	3.0100000000000002	0.79147	0.19834
1	13827	3.0100000000000002	0.80161	0.13251
1	13843	3.0100000000000002	1.09037	0.35750
1	13858	3.4099999999999997	1.45917	0.57057
1	13874	3.4099999999999997	1.25409	0.13401
1	13889	3.4099999999999997	1.10488	0.11805
1	13905	4.57	0.87382	0.21384
1	13921	4.57	0.74978	0.26140
1	13936	4.57	0.90806	0.27189
1	13968	4.57	1.24388	0.21070
1	13968	4.57	1.24388	0.21070
1	13999	4.57	1.57970	0.14951
1	14015	4.57	1.57970	0.14951
1	14030	4.57	0.96769	0.31703
1	14046	4.57	0.35568	0.48455
1	14061	4.57	0.35568	0.48455
1	14077	4.57	0.35568	0.48455
1	14084	4.57	0.00000	0.00000
1	14101	4.57	0.00000	0.00000
1	14117	4.57	0.00000	0.00000
1	14133	4.57	0.00000	0.00000
1	14148	4.57	0.00000	0.00000
1	14180	4.57	0.00000	0.00000
1	14195	4.57	0.00000	0.00000
1	14211	4.57	0.00000	0.00000
1	14226	4.57	0.00000	0.00000
1	14242	4.57	0.00000	0.00000
1	14258	4.57	0.00000	0.00000
1	14273	4.57	0.00000	0.00000
1	14289	4.57	0.23322	0.45724
1	14305	4.31	0.23988	0.45575
1	14320	4.31	0.27610	0.45339
1	14336	4.31	0.27610	0.45339
1	14351	4.31	0.27610	0.45339
1	14367	4.31	-1.94015	1.10659
1	14383	4.31	-0.70716	0.85492
1	14398	1.98	-0.29348	0.76939
0	14414	1.98	0.52986	0.60079
0	14430	1.98	0.52986	0.60079
0	14461	1.98	0.52986	0.60079
0	14476	1.98	0.00000	0.00000
0	14492	1.98	0.00000	0.00000
0	14508	1.98	0.00000	0.00000
0	14523	1.98	0.00000	0.00000
0	14539	1.98	0.00000	0.00000
0	14555	1.98	0.00000	0.00000
0	14570	1.98	0.00000	0.00000
0	14586	1.98	0.00000	0.00000
0	14601	1.98	0.00000	0.00000
0	14617	1.98	0.00000	0.00000
0	14633	1.98	0.00000	0.00000
0	14648	1.98	0.00000	0.00000
0	14664	1.98	0.00000	0.00000
0	14680	1.98	0.00000	0.00000
0	14695	1.98	0.00000	0.00000
0	14711	1.98	0.00000	0.00000
0	14726	1.98	0.00000	0.00000
0	14742	1.98	0.00000	0.00000
0	14773	1.98	0.00000	0.00000
0	14789	1.98	0.00000	0.00000
0	14805	1.98	0.00000	0.00000
0	14820	1.98	0.00000	0.00000
0	14836	1.98	0.00000	0.00000
0	14851	1.98	0.00000	0.00000
0	14867	1.98	0.00000	0.00000
0	14883	1.98	0.00000	0.00000
0	14898	1.98	0.00000	0.00000
0	14914	1.98	0.00000	0.00000
0	14930	1.98	0.00000	0.00000
0	14945	1.98	0.00000	0.00000
0	14961	1.98	0.00000	0.00000
0	14976	1.98	0.00000	0.00000
0	14992	1.98	0.00000	0.00000
0	15008	1.98	0.00000	0.00000
0	15023	1.98	0.00000	0.00000
0	15039	1.98	0.00000	0.00000
1	15055	1.98	-0.25836	1.11604
1	15070	1.98	0.11892	0.91462
1	15086	1.1800000000000002	0.24468	0.84748
1	15101	1.1800000000000002	0.37206	0.82847
1	15133	1.1800000000000002	-0.26175	1.10482
1	15148	1.75	-0.47303	1.19694
1	15164	1.75	-0.83637	1.33949
1	15180	1.75	-0.49182	1.17789
1	15195	3.37	-0.39787	1.14101
1	15211	3.37	-0.52234	1.22023
1	15227	3.37	-1.41586	1.60549
1	15242	4.11	-1.82718	1.78889
1	15258	4.11	-2.32036	2.06529
1	15273	4.11	-1.38101	1.66450
1	15289	2.8600000000000003	-1.06789	1.53091
1	15305	2.8600000000000003	-0.16498	1.11415
1	15320	2.8600000000000003	0.06710	0.59741
0	15336	2.8600000000000003	0.06710	0.59741
0	15352	2.8600000000000003	0.29918	0.08067
0	15367	2.8600000000000003	0.29918	0.08067
0	15383	2.8600000000000003	0.29918	0.08067
0	15414	2.8600000000000003	0.00000	0.00000
0	15430	2.8600000000000003	0.00000	0.00000
0	15445	2.8600000000000003	0.00000	0.00000
0	15461	2.8600000000000003	0.00000	0.00000
0	15477	2.8600000000000003	0.00000	0.00000
0	15492	2.8600000000000003	0.00000	0.00000
0	15508	2.8600000000000003	0.00000	0.00000
0	15523	2.8600000000000003	0.00000	0.00000
1	15539	4.4799999999999995	0.48119	0.10017
1	15555	4.4799999999999995	0.70344	0.22599
1	15570	4.4799999999999995	0.50091	0.29175
1	15579	4.53	0.43320	0.31372
1	15596	4.53	0.32274	0.30812
1	15620	4.53	0.37419	0.26968
1	15636	4.63	0.39077	0.25671
1	15651	4.63	0.42610	0.23406
1	15667	4.63	0.41657	0.23531
1	15682	4.7299999999999995	0.41305	0.23565
1	15698	4.7299999999999995	0.40898	0.23843
1	15714	4.7299999999999995	0.41178	0.23826
1	15729	4.83	0.41327	0.23810
1	15745	4.83	0.40701	0.23753
1	15761	4.83	0.40092	0.23819
1	15776	4.66	0.39649	0.23869
1	15792	4.66	0.39618	0.23882
1	15808	4.66	0.39442	0.23990
1	15839	4.42	0.39295	0.24080
1	15854	4.42	0.35971	0.23767
1	15870	4.42	0.39154	0.23770
1	15886	4.15	0.41912	0.23772
1	15901	4.15	0.44202	0.23700
1	15917	4.15	0.56401	0.22774
1	15933	4.15	1.15935	0.17992
1	15948	4.15	1.27085	0.15903
1	15964	4.15	1.57025	0.12008
1	15979	4.15	1.51622	0.11547
1	15995	4.15	1.06249	0.18904
1	16011	4.15	0.34836	0.18756
1	16026	4.15	-0.11188	0.15159
1	16042	4.15	0.35106	0.14392
1	16058	4.15	0.34169	0.17416
1	16073	4.15	0.33835	0.19156
1	16089	4.15	0.18959	0.29937
1	16120	4.15	-0.03802	0.48456
0	16151	4.15	-0.26563	0.66976
0	16167	4.15	-0.26563	0.66976
0	16183	4.15	-0.26563	0.66976
0	16198	4.15	0.00000	0.00000
0	16214	4.15	0.00000	0.00000
0	16229	4.15	0.00000	0.00000
0	16245	4.15	0.00000	0.00000
0	16261	4.15	0.00000	0.00000
0	16276	4.15	0.00000	0.00000
0	16292	4.15	0.00000	0.00000
0	16308	4.15	0.00000	0.00000
0	16323	4.15	0.00000	0.00000
0	16339	4.15	0.00000	0.00000
0	16354	4.15	0.00000	0.00000
0	16370	4.15	0.00000	0.00000
0	16386	4.15	0.00000	0.00000
0	16401	4.15	0.00000	0.00000
1	16433	4.15	-0.18930	0.24870
1	16433	4.15	-0.04736	0.75249
1	16448	4.15	-0.04369	1.10635
1	16479	4.15	-0.04246	1.22430
1	16495	4.15	0.21729	1.17080
1	16511	4.15	0.61918	0.99095
1	16526	4.15	0.75315	0.93100
1	16542	4.15	0.91833	0.73563
1	16558	4.15	0.87120	0.68958
1	16573	4.15	0.85549	0.67424
1	16589	4.15	0.66468	0.80303
1	16604	4.15	0.24256	0.52543
1	16620	4.15	0.10185	0.43290
1	16636	4.15	0.14540	0.39410
1	16651	4.15	0.54230	0.54345
1	16667	2.31	0.68530	0.59391
1	16683	2.31	0.30240	0.88427
1	16698	2.31	-0.22523	0.97175
1	16714	2.59	-0.41897	1.00865
1	16729	2.59	-0.20455	0.95101
1	16745	2.59	-0.18331	1.29420
1	16761	2.75	-0.18346	1.42106
1	16792	2.75	-0.15009	1.62098
1	16808	2.75	0.00089	1.36242
1	16823	3.0300000000000002	0.04969	1.28144
1	16839	3.0300000000000002	-0.08178	1.16867
1	16846	3.0300000000000002	-0.68736	1.28827
1	16860	3.27	-0.91126	1.33863
1	16888	3.27	-1.37803	1.41242
1	16903	3.27	-0.14373	1.04559
1	16919	3.8	0.26771	0.92331
1	16934	3.8	0.00554	0.98665
1	16950	3.8	-0.16983	0.68358
1	16966	3.48	-0.22829	0.58255
1	16981	3.48	0.01057	0.66782
1	16997	3.48	0.87834	0.71636
1	17013	3.44	1.16760	0.73253
1	17028	3.44	1.35217	0.89470
1	17044	3.44	0.04008	1.34955
1	17059	3.4299999999999997	-0.39729	1.50117
1	17075	3.4299999999999997	-0.57508	1.60903
1	17091	3.4299999999999997	0.49136	1.24110
1	17106	3.81	0.84683	1.11846
1	17122	3.81	0.64076	1.18743
1	17153	3.81	1.04949	1.06732
1	17169	3.75	1.18574	1.02729
1	17184	3.75	0.93491	0.97628
1	17200	3.75	0.37851	1.00442
