1	3.78	83	0.53227	0.48145
1	3.78	102	0.52743	0.48664
1	4.17	115	0.52327	0.49149
1	4.17	133	0.51812	0.49870
1	4.17	148	0.51240	0.50942
1	4.15	167	0.50721	0.51912
1	4.15	181	0.50830	0.51647
1	4.15	199	0.50362	0.52316
1	4.14	214	0.48233	0.55579
1	4.14	230	0.47673	0.51723
1	4.14	245	0.49427	0.52608
1	3.81	265	0.50315	0.52884
1	3.81	281	0.50617	0.53278
1	3.81	298	0.51323	0.51870
1	3.87	313	0.51837	0.50875
1	3.87	330	0.52481	0.50279
1	3.87	346	0.52121	0.49959
1	3.83	364	0.51829	0.49697
1	3.83	379	0.52075	0.49389
1	3.83	396	0.52106	0.49468
1	3.9899999999999998	411	0.52132	0.49548
1	3.9899999999999998	429	0.52131	0.49392
1	3.9899999999999998	445	0.52127	0.49348
1	3.91	461	0.52124	0.49300
1	3.91	479	0.52253	0.49169
1	3.91	493	0.52193	0.49266
1	4.0200000000000005	509	0.52142	0.49367
1	4.0200000000000005	527	0.52097	0.49325
1	4.0200000000000005	542	0.51915	0.49340
1	4.01	560	0.51745	0.49358
1	4.01	576	0.51628	0.49485
1	4.01	592	0.51547	0.49441
1	4.0600000000000005	610	0.51470	0.49397
1	4.0600000000000005	625	0.49392	0.54250
1	4.0600000000000005	643	0.31145	1.06109
1	3.85	657	0.25449	1.22694
1	3.85	675	0.10919	1.62901
1	3.85	690	0.13191	1.55600
1	4.29	707	0.13726	1.53726
1	4.29	724	0.08188	1.63120
1	4.29	740	0.08527	1.66064
1	3.95	755	0.08773	1.67975
1	3.95	775	0.07188	1.71532
1	3.95	789	0.06271	1.74825
1	4.26	805	0.05542	1.77304
1	4.26	822	0.04897	1.78503
1	4.26	836	0.03010	1.80030
1	3.98	854	0.01598	1.80970
1	3.98	871	0.00353	1.82333
1	3.98	886	-0.02286	1.87422
1	3.61	903	-0.03607	1.87879
1	3.61	920	0.02225	1.85857
1	3.61	936	-0.00418	1.88803
1	3.82	954	-0.01974	1.90704
1	3.82	970	-0.03519	1.92819
1	3.82	987	-0.02642	1.92911
1	3.59	1003	-0.01966	1.92934
1	3.59	1017	-0.03166	1.94136
1	3.59	1035	-0.02820	1.94485
1	3.75	1052	-0.02678	1.95115
1	3.75	1067	-0.02450	1.95801
1	3.75	1084	-0.02441	1.95482
1	3.8400000000000003	1102	-0.02444	1.95161
1	3.8400000000000003	1119	-0.05563	1.99766
1	3.8400000000000003	1132	-0.06372	1.99595
1	3.5300000000000002	1150	-0.06351	1.99214
1	3.5300000000000002	1168	-0.11148	2.03462
1	3.5300000000000002	1181	-0.10835	2.05699
1	3.62	1201	-0.10626	2.07191
1	3.62	1216	-0.10615	2.04854
1	3.62	1231	-0.10263	2.04962
1	3.68	1250	-0.10087	2.05154
1	3.68	1267	-0.09495	2.05280
1	3.68	1281	-0.09134	2.06380
1	3.46	1299	-0.08774	2.07141
1	3.46	1314	-0.09970	2.08624
1	3.46	1332	-0.11271	2.09070
1	3.28	1346	-0.13726	2.11725
1	3.28	1364	-0.12402	2.08513
1	3.28	1380	-0.10500	2.02510
1	3.22	1396	-0.08149	1.95095
1	3.22	1413	-0.22778	2.12133
1	3.22	1428	-0.22884	2.12796
1	3.14	1445	-0.27867	2.19138
1	3.14	1463	-0.13718	2.05110
1	3.14	1477	-0.12239	2.06357
1	3.28	1494	-0.06102	2.03065
1	3.28	1512	-0.21191	2.17447
1	3.28	1527	-0.28688	2.26089
1	3.32	1544	-0.41682	2.40427
1	3.32	1562	-0.36575	2.32826
1	3.32	1576	-0.34248	2.32972
1	3.4	1592	-0.30264	2.30361
1	3.4	1611	-0.30142	2.30436
1	3.4	1628	-0.40747	2.07599
1	3.14	1642	-0.50516	1.83889
1	3.14	1660	-0.43964	1.59764
1	3.14	1676	-0.45084	1.57575
1	3.3	1693	-0.44367	1.47758
1	3.3	1711	-0.36395	1.87564
1	3.3	1724	-0.32292	2.02312
1	3.47	1740	-0.26882	2.33249
1	3.47	1759	-0.33105	2.39141
1	3.47	1774	-0.35713	2.40613
1	3.48	1792	-0.40855	2.44566
1	3.48	1806	-0.54487	2.06038
1	3.48	1824	-0.60569	1.97806
1	3.33	1841	-0.70230	1.75604
1	3.33	1855	-0.39444	5.69138
1	3.33	1873	-0.47072	4.34033
1	3.04	1888	-0.43178	4.28646
1	3.04	1905	-0.48697	2.92158
1	3.04	1922	-0.49275	2.46046
1	3.04	1939	-0.50963	1.53602
1	3.04	1957	-0.50650	1.52691
1	3.04	1973	-0.48930	1.47176
1	3.02	1987	-0.46345	1.40583
1	3.02	2003	-0.33748	1.34587
1	3.02	2020	-0.35589	1.34447
1	2.9099999999999997	2039	-0.33230	1.32308
1	2.9099999999999997	2053	-0.20295	1.26510
1	2.9099999999999997	2072	-0.19672	1.22256
1	3.4299999999999997	2087	-0.15305	1.16767
1	3.4299999999999997	2102	-0.53349	2.05501
1	3.4299999999999997	2119	-0.48215	1.81169
1	3.49	2136	-0.57109	1.87918
1	3.49	2152	-0.59220	1.72712
1	3.49	2169	-0.54403	1.78995
1	3.75	2186	-0.53147	1.83878
1	3.75	2201	-0.59178	1.83826
1	3.75	2221	-0.62071	1.82730
1	3.8800000000000003	2234	-0.64137	1.81947
1	3.8800000000000003	2250	-0.65019	1.80344
1	3.8800000000000003	2267	-0.67807	1.81776
1	3.8899999999999997	2284	-0.70036	1.82921
1	3.8899999999999997	2300	-0.68943	1.80183
1	3.8899999999999997	2317	-0.69319	1.79734
1	4.04	2332	-0.69638	1.79353
1	4.04	2349	-0.70957	1.80239
1	4.04	2365	-0.74566	1.79271
1	4.04	2382	-0.69581	1.72084
1	4.04	2399	-0.78533	1.81994
1	4.04	2416	-1.28933	2.43740
1	4.069999999999999	2432	-1.77350	3.04124
1	4.069999999999999	2447	-1.50491	2.70564
1	4.069999999999999	2466	-1.29723	2.45888
1	4.05	2481	-1.14345	2.27919
1	4.05	2496	-0.89890	1.96595
1	4.05	2513	-0.81877	1.86439
1	4.0600000000000005	2530	-0.65712	1.65842
1	4.0600000000000005	2545	-0.62986	1.62434
1	4.0600000000000005	2563	-0.64116	1.65558
1	3.64	2578	-0.64063	1.66405
1	3.64	2596	-0.59730	1.89828
1	3.64	2613	-0.52131	2.16403
1	3.59	2629	-0.48317	2.23123
1	3.59	2644	-0.37829	2.33838
1	3.59	2663	-0.29798	2.23376
1	3.4299999999999997	2678	-0.26401	2.18394
1	3.4299999999999997	2695	-0.18065	2.09413
1	3.4299999999999997	2710	-0.18429	2.18362
1	3.52	2727	-0.19566	2.23278
1	3.52	2744	-0.22267	2.30998
1	3.52	2759	-0.21957	2.26938
1	3.49	2775	-0.21558	2.24939
1	3.49	2792	-0.24379	2.25576
1	3.49	2809	-0.28379	2.29148
1	3.35	2827	-0.30663	2.30791
1	3.35	2841	-0.30817	2.30664
1	3.35	2858	-0.31413	2.32259
1	3.23	2874	-0.31839	2.33706
1	3.23	2891	-0.29384	2.30788
1	3.23	2908	-0.30384	2.31735
1	3.46	2924	-0.31281	2.32388
1	3.46	2942	-0.31462	2.33295
1	3.46	2957	-0.30617	2.32302
1	3.22	2974	-0.31832	2.32778
1	3.22	2991	-0.26777	2.22726
1	3.22	3007	-0.20157	2.13506
1	2.99	3022	-0.10396	1.97944
1	2.99	3040	-0.06275	1.86060
1	2.99	3055	-0.08664	1.87323
1	2.92	3073	-0.10205	1.85694
1	2.92	3089	-0.18426	1.47995
1	2.92	3105	-0.23179	1.36102
1	3.13	3122	-0.31567	1.12419
1	3.13	3138	-0.22360	1.52927
1	3.13	3155	-0.26235	1.77198
1	3.21	3170	-0.27774	2.16396
1	3.21	3186	-0.29276	2.21422
1	3.21	3204	-0.29944	2.20835
1	3.29	3219	-0.30567	2.20871
1	3.29	3236	-0.26843	2.17328
1	3.29	3254	-0.24012	2.14963
1	3.4499999999999997	3270	-0.21757	2.12749
1	3.4499999999999997	3286	-0.24162	2.15067
1	3.4499999999999997	3304	-0.24140	2.15443
1	3.49	3318	-0.24113	2.15955
1	3.49	3334	-0.22535	2.13790
1	3.49	3351	-0.23059	2.14854
1	3.5500000000000003	3369	-0.23763	2.16194
1	3.5500000000000003	3383	-0.23395	2.15901
1	3.5500000000000003	3402	-0.24355	2.17448
1	3.79	3418	-0.25331	2.19070
1	3.79	3435	-0.25529	2.19096
1	3.79	3448	-0.27549	2.23269
1	3.67	3467	-0.32828	2.31266
1	3.67	3482	-0.21825	2.17896
1	3.67	3498	-0.25523	2.21390
1	3.61	3515	-0.27742	2.23487
1	3.61	3532	-0.26910	2.22519
1	3.61	3547	-0.29363	2.25235
1	3.7	3565	-0.31203	2.27272
1	3.7	3583	-0.30484	2.26289
1	3.7	3598	-0.29297	2.24235
1	3.79	3613	-0.28422	2.22753
1	3.79	3631	-0.28270	2.22903
1	3.79	3647	-0.26640	2.21262
1	3.75	3665	-0.25306	2.20005
1	3.75	3680	-0.25178	2.19689
1	3.75	3699	-0.24654	2.20048
1	3.91	3712	-0.24191	2.20365
1	3.91	3730	-0.23674	2.20011
1	3.91	3746	-0.20230	2.16696
1	3.8899999999999997	3763	-0.20681	2.15636
1	3.8899999999999997	3780	-0.20274	2.12971
1	3.8899999999999997	3795	-0.21113	2.13671
1	3.75	3811	-0.21108	2.12677
1	3.75	3828	-0.17188	2.07979
1	3.75	3843	-0.15817	2.05625
1	3.5300000000000002	3861	-0.14577	2.03621
1	3.5300000000000002	3878	-0.13272	2.01229
1	3.5300000000000002	3894	-0.12439	2.00462
1	3.4299999999999997	3909	-0.11697	1.99605
1	3.4299999999999997	3926	-0.11049	1.99061
1	3.4299999999999997	3943	-0.10991	1.99244
1	3.67	3960	-0.09441	1.96966
1	3.67	3975	-0.08731	1.96578
1	3.67	3992	-0.03769	1.91612
1	3.62	4007	0.01690	1.86222
1	3.62	4027	-0.03332	1.90946
1	3.62	4041	-0.01379	1.90100
1	3.59	4057	-0.00750	1.90538
1	3.59	4073	-0.00151	1.91044
1	3.59	4091	0.00960	1.90201
1	3.68	4108	0.01463	1.90355
1	3.68	4123	-0.01047	1.93165
1	3.68	4139	-0.04060	1.98285
1	3.63	4159	-0.06469	2.02380
1	3.63	4173	-0.09819	2.05381
1	3.63	4190	-0.09306	2.04191
1	3.5599999999999996	4207	-0.08873	2.03184
1	3.5599999999999996	4222	-0.11543	2.06763
1	3.5599999999999996	4241	-0.08783	2.04521
1	3.49	4253	-0.07562	2.03067
1	3.49	4270	0.00777	1.90640
1	3.49	4288	-0.15985	2.11542
1	3.57	4303	-0.21933	2.19646
1	3.57	4322	-0.31530	2.31148
1	3.57	4338	-0.29681	2.30509
1	3.69	4353	-0.29813	2.31881
1	3.69	4370	-0.29436	2.30942
1	3.69	4385	-0.28587	2.30239
1	3.8400000000000003	4404	-0.28375	2.30527
1	3.8400000000000003	4419	-0.28536	2.31732
1	3.8400000000000003	4436	-0.28568	2.32577
1	3.81	4452	-0.28593	2.33234
1	3.81	4469	-0.30212	2.34809
1	3.81	4485	-0.31283	2.36554
1	3.9	4503	-0.32176	2.38009
1	3.9	4518	-0.31494	2.37062
1	3.9	4535	-0.31443	2.37330
1	3.8899999999999997	4551	-0.31398	2.37561
1	3.8899999999999997	4568	-0.32118	2.41151
1	3.8899999999999997	4584	-0.43571	2.58964
1	3.7399999999999998	4600	-0.47445	2.64573
1	3.7399999999999998	4618	-0.38353	2.52366
1	3.7399999999999998	4634	-0.31283	2.40589
1	3.82	4650	-0.28244	2.35168
1	3.82	4666	-0.16836	2.21988
1	3.82	4683	-0.13964	2.14479
1	3.73	4698	-0.12664	2.11596
1	3.73	4715	-0.05113	1.98470
1	3.73	4730	-0.09086	2.00674
1	3.8899999999999997	4750	-0.10454	2.01114
1	3.8899999999999997	4765	-0.09228	2.01290
1	3.8899999999999997	4781	-0.12046	2.03999
1	3.7100000000000004	4799	-0.14076	2.06311
1	3.7100000000000004	4814	-0.13998	2.07452
1	3.7100000000000004	4829	-0.11311	2.04768
1	3.83	4846	-0.09221	2.02680
1	3.83	4863	-0.07538	2.02147
1	3.83	4879	-0.07733	2.02765
1	3.8	4896	-0.07980	2.03376
1	3.8	4913	-0.08249	2.04808
1	3.8	4928	-0.09176	2.06192
1	4.05	4946	-0.09901	2.07302
1	4.05	4962	-0.09466	2.07111
1	4.05	4976	-0.09581	2.07356
1	3.8	4993	-0.09643	2.07406
1	3.8	5009	-0.05714	2.05536
1	3.8	5026	-0.03717	2.00964
1	3.79	5042	-0.03051	1.99440
1	3.79	5060	-0.03877	1.99658
1	3.79	5075	-0.00724	1.93879
1	3.62	5093	0.03788	1.86337
1	3.62	5110	0.02171	1.85924
1	3.62	5126	0.02911	1.83740
1	3.59	5141	0.02135	1.85178
1	3.59	5157	-0.00213	1.90253
1	3.59	5175	-0.06258	2.00444
1	3.72	5192	-0.10759	2.07989
1	3.72	5208	-0.06289	2.02502
1	3.72	5223	0.02816	1.95195
1	3.68	5242	0.11859	1.86452
1	3.68	5257	0.09168	1.87868
1	3.68	5273	0.09791	1.84458
1	3.63	5290	0.07311	1.85073
1	3.63	5307	0.05153	1.86980
1	3.63	5323	0.03928	1.87500
1	3.82	5340	0.03166	1.87670
1	3.82	5357	0.02317	1.88440
1	3.82	5372	0.03151	1.86867
1	3.59	5388	0.03776	1.85688
1	3.59	5406	0.03673	1.86176
1	3.59	5420	0.02296	1.87952
1	3.76	5438	0.01165	1.89505
1	3.76	5456	0.01338	1.89226
1	3.76	5472	0.01724	1.89091
1	3.6	5487	0.02045	1.88851
1	3.6	5505	0.02455	1.88212
1	3.6	5522	0.03294	1.87082
1	3.4499999999999997	5537	0.04058	1.86013
1	3.4499999999999997	5553	0.04013	1.85572
1	3.4499999999999997	5569	0.04046	1.84962
1	3.65	5586	0.04146	1.84334
1	3.65	5601	0.03588	1.84303
1	3.65	5619	0.04661	1.80789
1	3.75	5635	0.03118	1.82104
1	3.75	5651	0.01544	1.84474
1	3.75	5667	0.02385	1.85107
1	3.8400000000000003	5685	0.02614	1.85797
1	3.8400000000000003	5701	0.02913	1.86902
1	3.8400000000000003	5718	0.01757	1.88286
1	3.69	5733	0.01195	1.88847
1	3.69	5749	0.03246	1.84354
1	3.69	5767	0.03348	1.83365
