1	4.39	84	0.45981	0.26764
1	4.39	102	0.46009	0.27005
1	4.63	117	0.46039	0.27203
1	4.63	133	0.46112	0.27169
1	4.63	151	0.46187	0.27112
1	4.71	166	0.46260	0.27051
1	4.71	182	0.46415	0.26727
1	4.71	201	0.46120	0.27312
1	4.9399999999999995	215	0.45853	0.27839
1	4.9399999999999995	234	0.45917	0.27989
1	4.9399999999999995	248	0.46062	0.28113
1	4.68	265	0.46192	0.28234
1	4.68	280	0.46089	0.28217
1	4.68	300	0.46049	0.28158
1	4.8999999999999995	315	0.46016	0.28095
1	4.8999999999999995	331	0.45925	0.28129
1	4.8999999999999995	347	0.45836	0.28245
1	4.75	364	0.45751	0.28358
1	4.75	380	0.44672	0.30768
1	4.75	396	0.44476	0.29661
1	4.819999999999999	412	0.44416	0.29281
1	4.819999999999999	430	0.45091	0.28854
1	4.819999999999999	445	0.45539	0.28533
1	4.930000000000001	464	0.45851	0.28292
1	4.930000000000001	478	0.46235	0.27759
1	4.930000000000001	495	0.46428	0.27770
1	4.989999999999999	511	0.46600	0.27739
1	4.989999999999999	527	0.46755	0.27685
1	4.989999999999999	543	0.46849	0.27595
1	5.07	559	0.46927	0.27519
1	5.07	578	0.46762	0.27739
1	5.07	594	0.46623	0.27859
1	5.029999999999999	608	0.46499	0.27972
1	5.029999999999999	626	0.46670	0.27564
1	5.029999999999999	641	0.46813	0.27218
1	4.74	657	0.46926	0.26939
1	4.74	676	0.46869	0.27069
1	4.74	691	0.46708	0.27327
1	4.930000000000001	709	0.46564	0.27554
1	4.930000000000001	724	0.46531	0.27702
1	4.930000000000001	741	0.46457	0.27978
1	4.79	757	0.46388	0.28237
1	4.79	777	0.46496	0.27816
1	4.79	790	0.46712	0.27214
1	5.05	807	0.46921	0.26640
1	5.05	823	0.46902	0.26533
1	5.05	839	0.46958	0.26268
1	5.15	858	0.47015	0.26011
1	5.15	873	0.46956	0.26091
1	5.15	890	0.46994	0.25975
1	5	906	0.47858	0.22887
1	5	922	0.49925	0.04880
1	5	938	0.37449	0.13409
1	4.91	953	0.25695	0.15938
1	4.91	974	-0.03241	0.48393
1	4.91	1017	-0.05008	0.48130
1	4.83	1020	-0.16225	0.58758
1	4.83	1022	-0.00965	0.43392
1	4.83	1038	-0.01199	0.44577
1	4.52	1052	0.03744	0.40719
1	4.52	1070	0.02282	0.35496
1	4.52	1106	0.01302	0.38562
1	4.2	1108	0.00844	0.40129
1	4.2	1118	0.00830	0.40249
1	4.2	1137	-0.00279	0.42124
1	4.33	1152	-0.01099	0.43455
1	4.33	1167	-0.00609	0.42736
1	4.33	1186	-0.01725	0.45105
1	4.11	1200	-0.02593	0.46992
1	4.11	1217	-0.03538	0.48558
1	4.11	1233	-0.04394	0.49941
1	4.34	1249	-0.05127	0.51104
1	4.34	1266	-0.06930	0.54609
1	4.34	1285	-0.08610	0.58303
1	3.98	1299	-0.09005	0.59494
1	3.98	1316	-0.07673	0.58723
1	3.98	1332	-0.06909	0.57298
1	4.12	1348	-0.06401	0.56347
1	4.12	1364	-0.06308	0.55639
1	4.12	1382	-0.06800	0.55462
1	4.13	1398	-0.07198	0.55327
1	4.13	1415	-0.08959	0.57569
1	4.13	1433	-0.10146	0.58740
1	4.18	1447	-0.11199	0.59741
1	4.18	1463	-0.10513	0.58358
1	4.18	1479	-0.10663	0.58190
1	4.24	1498	-0.10811	0.58043
1	4.24	1513	-0.11081	0.58189
1	4.24	1529	-0.11385	0.58382
1	4.22	1546	-0.14281	0.59656
1	4.22	1561	-0.13686	0.61537
1	4.22	1578	-0.13099	0.58666
1	4.1000000000000005	1594	-0.12704	0.57239
1	4.1000000000000005	1611	-0.11422	0.56095
1	4.1000000000000005	1628	-0.10645	0.55876
1	4.0600000000000005	1647	-0.10020	0.55721
1	4.0600000000000005	1662	-0.09474	0.55454
1	4.0600000000000005	1678	-0.09407	0.56102
1	4.069999999999999	1695	-0.09348	0.56613
1	4.069999999999999	1711	-0.08851	0.55376
1	4.069999999999999	1726	-0.08363	0.54895
1	4	1745	-0.07946	0.54495
1	4	1761	-0.08086	0.54456
1	4	1775	-0.08184	0.54558
1	3.76	1793	-0.08278	0.54651
1	3.76	1809	-0.08076	0.53946
1	3.76	1825	-0.07786	0.53245
1	3.98	1841	-0.07533	0.52611
1	3.98	1858	-0.05931	0.49723
1	3.98	1875	-0.05038	0.46392
1	4.01	1890	-0.04852	0.45167
1	4.01	1906	-0.04541	0.46063
1	4.01	1924	-0.06405	0.48893
1	3.9	1940	-0.07648	0.50779
1	3.9	1959	-0.07955	0.52299
1	3.9	1976	-0.08148	0.53430
1	3.8	1990	-0.08266	0.54302
1	3.8	2006	-0.06365	0.52356
1	3.8	2023	-0.04842	0.50825
1	4.04	2037	-0.03573	0.49549
1	4.04	2055	-0.03381	0.49410
1	4.04	2072	-0.02742	0.48718
1	3.9699999999999998	2089	-0.02195	0.48106
1	3.9699999999999998	2105	-0.02106	0.48168
1	3.9699999999999998	2120	-0.01889	0.47833
1	3.8	2136	0.01282	0.45912
1	3.8	2154	0.01535	0.45593
1	3.8	2171	0.01724	0.44527
1	3.67	2186	0.01876	0.44065
1	3.67	2206	0.03055	0.42865
1	3.67	2220	0.04252	0.42300
1	3.91	2238	0.05106	0.41896
1	3.91	2253	0.03686	0.43682
1	3.91	2269	0.01880	0.44867
1	3.8400000000000003	2284	0.00436	0.45816
1	3.8400000000000003	2301	-0.00502	0.46684
1	3.8400000000000003	2318	-0.01232	0.47547
1	3.8800000000000003	2335	-0.01879	0.48283
1	3.8800000000000003	2353	-0.02237	0.48891
1	3.8800000000000003	2366	-0.02628	0.49553
1	4	2385	-0.04590	0.52142
1	4	2399	-0.02873	0.48118
1	4	2416	-0.01163	0.44982
1	4.15	2433	0.01119	0.40503
1	4.15	2451	0.00730	0.41786
1	4.15	2466	-0.01718	0.46327
1	3.73	2484	-0.04088	0.51313
1	3.73	2500	-0.05540	0.53030
1	3.73	2515	-0.05948	0.53606
1	3.81	2534	-0.06150	0.53893
1	3.81	2548	-0.05532	0.52883
1	3.81	2566	-0.04907	0.52468
1	4.01	2580	-0.04459	0.52148
1	4.01	2596	-0.06369	0.54559
1	4.01	2614	-0.06340	0.53987
1	4.1000000000000005	2631	-0.06344	0.53540
1	4.1000000000000005	2647	-0.05979	0.52949
1	4.1000000000000005	2663	-0.06191	0.52965
1	4.159999999999999	2678	-0.06376	0.52967
1	4.159999999999999	2697	-0.06692	0.53167
1	4.159999999999999	2712	-0.06286	0.52522
1	4.05	2728	-0.05928	0.51958
1	4.05	2746	-0.06184	0.51905
1	4.05	2761	-0.06732	0.52740
1	4.18	2779	-0.07215	0.53489
1	4.18	2794	-0.07231	0.53477
1	4.18	2809	-0.07466	0.53797
1	4.2700000000000005	2827	-0.07684	0.54085
1	4.2700000000000005	2845	-0.07646	0.53956
1	4.2700000000000005	2859	-0.07557	0.53695
1	4.31	2875	-0.07489	0.53452
1	4.31	2894	-0.07708	0.53537
1	4.31	2909	-0.07576	0.53274
1	4.35	2925	-0.07450	0.53028
1	4.35	2941	-0.07408	0.53016
1	4.35	2960	-0.07860	0.53589
1	4.4	2976	-0.08283	0.54124
1	4.4	2991	-0.08004	0.53792
1	4.4	3009	-0.07882	0.53501
1	4.31	3024	-0.07761	0.53231
1	4.31	3040	-0.07511	0.52965
1	4.31	3057	-0.07355	0.52770
1	4.26	3073	-0.07203	0.52589
1	4.26	3090	-0.05926	0.50067
1	4.26	3105	-0.02566	0.45659
1	4.23	3123	-0.01492	0.44201
1	4.23	3140	-0.03709	0.46659
1	4.23	3158	-0.03408	0.46768
1	4.23	3171	-0.03187	0.46832
1	4.23	3189	-0.04100	0.47171
1	4.23	3206	-0.04099	0.46642
1	4.22	3220	-0.04119	0.46212
1	4.22	3240	-0.05147	0.47592
1	4.22	3254	-0.05463	0.47932
1	4.21	3271	-0.05709	0.48221
1	4.21	3289	-0.05740	0.48458
1	4.21	3304	-0.05775	0.48768
1	4.34	3321	-0.05810	0.49027
1	4.34	3339	-0.05931	0.48891
1	4.34	3354	-0.05823	0.48438
1	4.25	3370	-0.05716	0.48056
1	4.25	3385	-0.05234	0.47476
1	4.25	3402	-0.05019	0.47158
1	4.17	3418	-0.04817	0.46879
1	4.17	3436	-0.04624	0.46630
1	4.17	3451	-0.04704	0.46664
1	4.23	3469	-0.04779	0.46691
1	4.23	3485	-0.04756	0.46584
1	4.23	3501	-0.04810	0.46910
1	4.21	3516	-0.03677	0.44943
1	4.21	3535	-0.05591	0.46078
1	4.21	3550	-0.05964	0.46549
1	4.23	3567	-0.06133	0.46810
1	4.23	3583	-0.06099	0.46840
1	4.23	3600	-0.05655	0.46106
1	4.22	3618	-0.05333	0.45585
1	4.22	3633	-0.04398	0.44104
1	4.22	3650	-0.03693	0.43827
1	4.04	3666	-0.03139	0.43609
1	4.04	3681	-0.04097	0.45505
1	4.04	3698	-0.04876	0.47174
1	4.069999999999999	3714	-0.05548	0.48586
1	4.069999999999999	3731	-0.05596	0.49056
1	4.069999999999999	3746	-0.05869	0.49764
1	4.12	3765	-0.06135	0.50391
1	4.12	3779	-0.06503	0.50752
1	4.12	3796	-0.07440	0.53593
1	4.24	3814	-0.10202	0.55288
1	4.24	3830	-0.10164	0.56949
1	4.24	3847	-0.10615	0.56233
1	4.36	3861	-0.10914	0.55795
1	4.36	3879	-0.09226	0.52681
1	4.36	3896	-0.11376	0.54733
1	4.31	3911	-0.12909	0.56251
1	4.31	3927	-0.11431	0.54682
1	4.31	3944	-0.10012	0.52736
1	4.15	3961	-0.08851	0.51143
1	4.15	3976	-0.08562	0.50602
1	4.15	3994	-0.08158	0.50178
1	4.29	4011	-0.07816	0.49805
1	4.29	4028	-0.07863	0.50251
1	4.29	4043	-0.07753	0.50453
1	4.58	4059	-0.06310	0.48489
1	4.58	4074	-0.08335	0.52628
1	4.58	4091	-0.08108	0.53239
1	4.32	4109	-0.07909	0.53522
1	4.32	4126	-0.11588	0.60326
1	4.32	4141	-0.15389	0.64220
1	4.23	4160	-0.16829	0.65587
1	4.23	4175	-0.20417	0.68789
1	4.23	4190	-0.18475	0.66176
1	4.25	4207	-0.17671	0.65255
1	4.25	4224	-0.16540	0.62460
1	4.25	4239	-0.15340	0.61634
1	4.33	4258	-0.14540	0.61084
1	4.33	4273	-0.14369	0.60150
1	4.33	4288	-0.14144	0.59146
1	4.19	4306	-0.13908	0.58379
1	4.19	4322	-0.14757	0.59593
1	4.19	4339	-0.14668	0.59811
1	4.34	4354	-0.14622	0.59999
1	4.34	4373	-0.14830	0.60535
1	4.34	4388	-0.15260	0.60967
