1	3.98	101
1	3.98	120
1	3.98	134
1	3.96	152
1	3.96	165
1	3.96	184
1	3.85	197
1	3.85	217
1	3.85	233
1	3.92	249
1	3.92	266
1	3.92	282
1	4.01	297
1	4.01	317
1	4.01	331
1	4.0600000000000005	347
1	4.0600000000000005	363
1	4.0600000000000005	380
1	3.77	395
1	3.77	413
1	3.77	428
1	3.9899999999999998	445
1	3.9899999999999998	463
1	3.9899999999999998	480
1	3.96	498
1	3.96	511
1	3.96	527
1	3.96	545
1	3.96	559
1	3.96	577
1	3.96	593
1	3.96	611
1	3.96	627
1	3.93	643
1	3.93	658
1	3.93	675
1	3.8800000000000003	692
1	3.8800000000000003	707
1	3.8800000000000003	725
1	3.87	741
1	3.87	755
1	3.87	773
1	4.62	790
1	4.62	806
1	4.62	823
1	4.56	839
1	4.56	855
1	4.56	873
1	4.53	889
1	4.53	903
1	4.53	921
1	4.8	937
1	4.8	955
1	4.8	971
1	4.8500000000000005	986
1	4.8500000000000005	1002
1	4.8500000000000005	1019
1	4.68	1037
1	4.68	1054
1	4.68	1071
1	4.23	1085
1	4.23	1101
1	4.23	1118
1	4.5	1136
1	4.5	1151
1	4.5	1168
1	4.58	1184
1	4.58	1200
1	4.58	1218
1	4.58	1234
1	4.58	1249
1	4.58	1266
1	4.28	1284
1	4.28	1299
1	4.28	1317
1	4.67	1332
1	4.67	1348
1	4.67	1365
1	4.52	1381
1	4.52	1399
1	4.52	1413
1	4.79	1431
1	4.79	1448
1	4.79	1464
1	4.34	1479
1	4.34	1497
1	4.34	1514
1	4.2700000000000005	1528
1	4.2700000000000005	1546
1	4.2700000000000005	1562
1	4.17	1579
1	4.17	1595
1	4.17	1613
1	4.34	1627
1	4.34	1643
1	4.34	1661
1	4.33	1678
1	4.33	1694
1	4.33	1709
1	4.33	1726
1	4.33	1743
1	4.33	1759
1	4.62	1776
1	4.62	1790
1	4.62	1807
1	4.2700000000000005	1825
1	4.2700000000000005	1840
1	4.2700000000000005	1859
1	4.35	1874
1	4.35	1891
1	4.35	1908
1	4.17	1923
1	4.17	1938
1	4.17	1956
1	4.24	1971
1	4.24	1989
1	4.24	2006
1	4.23	2023
1	4.23	2041
1	4.23	2055
1	4.24	2072
1	4.24	2088
1	4.24	2104
1	3.8600000000000003	2120
1	3.8600000000000003	2138
1	3.8600000000000003	2153
1	4.32	2170
1	4.32	2187
1	4.32	2205
1	4.069999999999999	2221
1	4.069999999999999	2239
1	4.069999999999999	2255
1	3.31	2272
1	3.31	2286
1	3.31	2304
0	3.31	2317
0	3.31	2337
0	3.31	2352
0	3.31	2370
0	3.31	2385
0	3.31	2403
0	3.31	2418
0	3.31	2436
0	3.31	2451
0	3.31	2470
0	3.31	2485
0	3.31	2501
0	3.31	2518
0	3.31	2533
0	3.31	2549
1	2.09	2567
1	2.09	2581
1	2.09	2596
1	2.09	2614
1	2.09	2632
1	2.09	2646
1	2.09	2665
1	2.09	2679
1	2.09	2695
0	2.09	2712
0	2.09	2731
0	2.09	2750
0	2.09	2763
0	2.09	2780
0	2.09	2796
0	2.09	2813
0	2.09	2828
0	2.09	2846
0	2.09	2861
0	2.09	2878
0	2.09	2896
0	2.09	2911
0	2.09	2928
0	2.09	2944
0	2.09	2959
0	2.09	2976
0	2.09	2994
0	2.09	3010
0	2.09	3027
1	2.09	3043
1	1.77	3058
0	1.77	3074
0	1.77	3092
0	1.77	3108
0	1.77	3126
0	1.77	3141
0	1.77	3158
0	1.77	3174
0	1.77	3191
0	1.77	3208
0	1.77	3224
0	1.77	3240
0	1.77	3257
0	1.77	3275
0	1.77	3289
0	1.77	3306
0	1.77	3323
0	1.77	3340
0	1.77	3356
0	1.77	3370
0	1.77	3388
0	1.77	3405
0	1.77	3421
0	1.77	3435
0	1.77	3453
0	1.77	3470
0	1.77	3487
0	1.77	3502
0	1.77	3518
0	1.77	3535
0	1.77	3553
0	1.77	3567
0	1.77	3585
0	1.77	3601
0	1.77	3616
0	1.77	3633
0	1.77	3650
0	1.77	3667
0	1.77	3684
0	1.77	3700
0	1.77	3716
0	1.77	3734
0	1.77	3749
0	1.77	3766
0	1.77	3782
0	1.77	3797
1	1.77	3816
1	1.77	3830
1	1.95	3845
1	1.95	3863
1	1.95	3880
0	1.95	3896
0	1.95	3914
0	1.95	3932
0	1.95	3947
0	1.95	3963
0	1.95	3980
0	1.95	3996
0	1.95	4014
0	1.95	4030
0	1.95	4044
0	1.95	4062
0	1.95	4079
0	1.95	4094
0	1.95	4111
0	1.95	4127
0	1.95	4143
0	1.95	4160
0	1.95	4177
0	1.95	4194
0	1.95	4209
0	1.95	4225
0	1.95	4240
0	1.95	4258
0	1.95	4274
0	1.95	4291
0	1.95	4307
0	1.95	4322
0	1.95	4340
0	1.95	4358
0	1.95	4373
0	1.95	4390
0	1.95	4406
0	1.95	4423
0	1.95	4440
0	1.95	4455
0	1.95	4472
0	1.95	4487
0	1.95	4504
0	1.95	4521
0	1.95	4538
0	1.95	4553
0	1.95	4571
0	1.95	4586
0	1.95	4605
0	1.95	4621
0	1.95	4634
0	1.95	4652
0	1.95	4670
0	1.95	4684
0	1.95	4701
0	1.95	4719
0	1.95	4734
0	1.95	4752
0	1.95	4766
0	1.95	4784
0	1.95	4800
0	1.95	4815
0	1.95	4833
0	1.95	4851
0	1.95	4866
0	1.95	4883
0	1.95	4900
0	1.95	4915
0	1.95	4933
0	1.95	4949
0	1.95	4965
0	1.95	4982
0	1.95	4998
0	1.95	5015
0	1.95	5030
0	1.95	5049
0	1.95	5063
0	1.95	5080
0	1.95	5097
0	1.95	5112
0	1.95	5130
0	1.95	5144
0	1.95	5162
0	1.95	5176
0	1.95	5195
0	1.95	5211
0	1.95	5226
0	1.95	5244
0	1.95	5263
0	1.95	5277
0	1.95	5293
0	1.95	5309
0	1.95	5326
0	1.95	5344
0	1.95	5359
0	1.95	5377
0	1.95	5392
0	1.95	5407
0	1.95	5426
0	1.95	5441
0	1.95	5457
0	1.95	5476
0	1.95	5491
0	1.95	5506
0	1.95	5523
0	1.95	5538
0	1.95	5557
0	1.95	5572
0	1.95	5588
0	1.95	5606
0	1.95	5622
0	1.95	5638
0	1.95	5654
0	1.95	5672
0	1.95	5688
0	1.95	5704
0	1.95	5720
0	1.95	5737
0	1.95	5755
0	1.95	5771
0	1.95	5788
0	1.95	5802
0	1.95	5819
0	1.95	5836
0	1.95	5852
0	1.95	5868
0	1.95	5884
0	1.95	5902
0	1.95	5919
0	1.95	5933
0	1.95	5950
0	1.95	5967
0	1.95	5982
0	1.95	5999
0	1.95	6016
0	1.95	6033
0	1.95	6049
0	1.95	6065
0	1.95	6082
0	1.95	6098
0	1.95	6116
0	1.95	6133
0	1.95	6147
0	1.95	6164
1	1.95	6182
1	1.95	6194
1	5.6899999999999995	6211
1	5.6899999999999995	6228
1	5.6899999999999995	6246
1	5.63	6264
1	5.63	6279
1	5.63	6294
1	5.44	6312
1	5.44	6329
1	5.44	6341
1	5.08	6359
1	5.08	6376
1	5.08	6391
1	4.88	6408
1	4.88	6425
1	4.88	6441
1	4.63	6457
1	4.63	6475
1	4.63	6491
1	4.41	6508
1	4.41	6526
1	4.41	6543
1	4.39	6558
1	4.39	6575
1	4.39	6592
1	4.29	6608
1	4.29	6621
1	4.29	6639
1	4.21	6655
1	4.21	6670
1	4.21	6691
1	4.069999999999999	6706
1	4.069999999999999	6721
1	4.069999999999999	6738
1	4.08	6754
1	4.08	6769
1	4.08	6785
1	4.029999999999999	6802
1	4.029999999999999	6821
1	4.029999999999999	6838
1	3.92	6852
1	3.92	6870
1	3.92	6884
1	3.95	6900
1	3.95	6920
1	3.95	6936
1	3.92	6953
1	3.92	6968
1	3.92	6987
1	3.92	7002
1	3.92	7018
1	3.92	7034
1	3.76	7052
1	3.76	7068
1	3.76	7082
1	3.85	7099
1	3.85	7116
1	3.85	7131
1	3.8899999999999997	7147
1	3.8899999999999997	7167
1	3.8899999999999997	7184
1	3.8899999999999997	7199
1	3.8899999999999997	7216
1	3.8899999999999997	7230
1	3.79	7247
1	3.79	7266
1	3.79	7279
1	3.83	7297
1	3.83	7312
1	3.83	7330
1	3.73	7347
1	3.73	7361
1	3.73	7379
1	3.8	7395
1	3.8	7411
1	3.8	7430
1	3.8400000000000003	7445
1	3.8400000000000003	7459
1	3.8400000000000003	7477
1	3.8899999999999997	7493
1	3.8899999999999997	7511
1	3.8899999999999997	7528
1	3.93	7545
1	3.93	7559
1	3.93	7577
1	3.9699999999999998	7591
1	3.9699999999999998	7607
1	3.9699999999999998	7624
1	3.98	7642
1	3.98	7656
1	3.98	7673
1	3.9899999999999998	7691
1	3.9899999999999998	7705
1	3.9899999999999998	7724
1	3.9	7738
1	3.9	7757
1	3.9	7771
1	3.94	7787
1	3.94	7805
1	3.94	7822
1	3.6	7839
1	3.6	7854
1	3.6	7873
1	3.68	7888
1	3.68	7907
1	3.68	7922
1	3.2399999999999998	7939
1	3.2399999999999998	7955
1	3.2399999999999998	7970
1	3.1	7987
1	3.1	8003
1	3.1	8019
1	3.15	8038
1	3.15	8052
1	3.15	8071
1	3.17	8087
1	3.17	8101
1	3.17	8119
1	3.09	8136
1	3.09	8151
1	3.09	8168
1	3.09	8183
1	3.09	8201
1	3.09	8218
1	2.9	8233
1	2.9	8252
1	2.9	8266
1	2.9499999999999997	8284
1	2.9499999999999997	8300
1	2.9499999999999997	8315
1	3.0599999999999996	8332
1	3.0599999999999996	8348
1	3.0599999999999996	8367
1	2.44	8381
1	2.44	8398
1	2.44	8415
1	2.5799999999999996	8430
1	2.5799999999999996	8447
1	2.5799999999999996	8464
1	2.4499999999999997	8481
1	2.4499999999999997	8496
1	2.4499999999999997	8512
1	2.5100000000000002	8528
1	2.5100000000000002	8547
1	2.5100000000000002	8562
1	2.34	8578
1	2.34	8594
1	2.34	8610
1	2.31	8627
1	2.31	8643
1	2.31	8661
1	2.2	8677
1	2.2	8694
1	2.2	8711
1	2.0799999999999996	8725
1	2.0799999999999996	8744
1	2.0799999999999996	8759
1	1.9	8775
1	1.9	8791
1	1.9	8809
1	1.99	8822
1	1.99	8839
1	1.99	8857
1	1.8	8874
0	1.8	8889
0	1.8	8908
0	1.8	8923
0	1.8	8940
0	1.8	8956
0	1.8	8972
0	1.8	8991
0	1.8	9007
1	2	9026
1	2	9039
1	2	9052
1	2	9069
1	2	9088
1	2	9103
1	2.5100000000000002	9119
1	2.5100000000000002	9135
1	2.5100000000000002	9152
1	2.4499999999999997	9170
1	2.4499999999999997	9184
1	2.4499999999999997	9201
1	2.34	9216
1	2.34	9233
1	2.34	9250
1	2.6	9268
1	2.6	9284
1	2.6	9298
1	2.4099999999999997	9316
1	2.4099999999999997	9333
1	2.4099999999999997	9349
1	2.5799999999999996	9367
1	2.5799999999999996	9382
1	2.5799999999999996	9397
1	2.65	9414
1	2.65	9430
1	2.65	9450
1	2.26	9466
1	2.26	9481
1	2.26	9497
1	2.3800000000000003	9513
1	2.3800000000000003	9530
1	2.3800000000000003	9547
1	2.3800000000000003	9563
1	2.3800000000000003	9580
1	2.3800000000000003	9595
1	2.3800000000000003	9611
1	2.3800000000000003	9628
1	2.3800000000000003	9647
1	2.46	9661
1	2.46	9677
1	2.46	9694
1	2.46	9710
1	2.46	9727
1	2.46	9744
1	2.46	9758
1	2.46	9776
1	2.46	9792
1	2.64	9811
1	2.64	9826
1	2.64	9843
1	2.54	9858
1	2.54	9874
1	2.54	9892
1	2.4299999999999997	9909
1	2.4299999999999997	9924
1	2.4299999999999997	9942
1	2.18	9957
1	2.18	9974
1	2.18	9990
1	2.26	10006
1	2.26	10022
1	2.26	10041
1	2	10058
1	2	10072
1	2	10089
1	1.85	10108
1	1.85	10124
1	1.85	10139
0	1.85	10156
0	1.85	10169
1	1.85	10191
1	1.85	10205
1	1.85	10221
1	1.85	10237
1	2.2	10253
1	2.2	10269
1	2.2	10286
1	2.2	10302
1	2.2	10322
1	2.2	10337
1	1.9300000000000002	10351
1	1.9300000000000002	10368
1	1.9300000000000002	10385
1	1.88	10402
1	1.88	10418
1	1.88	10435
1	1.9400000000000002	10450
1	1.9400000000000002	10466
1	1.9400000000000002	10485
1	1.89	10502
1	1.89	10517
1	1.89	10532
1	1.96	10549
1	1.96	10565
1	1.96	10582
1	1.96	10599
1	1.96	10615
1	1.96	10632
1	2.3800000000000003	10649
0	2.3800000000000003	10663
0	2.3800000000000003	10680
0	2.3800000000000003	10697
0	2.3800000000000003	10714
0	2.3800000000000003	10729
0	2.3800000000000003	10746
0	2.3800000000000003	10762
0	2.3800000000000003	10778
0	2.3800000000000003	10794
0	2.3800000000000003	10812
0	2.3800000000000003	10829
0	2.3800000000000003	10843
0	2.3800000000000003	10861
0	2.3800000000000003	10876
0	2.3800000000000003	10894
0	2.3800000000000003	10911
0	2.3800000000000003	10928
0	2.3800000000000003	10942
0	2.3800000000000003	10960
0	2.3800000000000003	10976
1	2.8600000000000003	10995
1	2.8600000000000003	11010
1	2.8600000000000003	11026
1	2.8600000000000003	11041
1	2.8600000000000003	11059
1	2.8600000000000003	11076
1	2.77	11091
1	2.77	11109
1	2.77	11126
1	2.84	11140
1	2.84	11158
1	2.84	11175
1	2.61	11190
1	2.61	11209
1	2.61	11224
1	2.83	11240
1	2.83	11257
1	2.83	11271
1	2.7	11288
1	2.7	11305
1	2.7	11324
1	2.9499999999999997	11338
1	2.9499999999999997	11356
1	2.9499999999999997	11372
1	3	11389
1	3	11403
1	3	11421
1	2.9	11439
1	2.9	11454
1	2.9	11470
1	3.04	11486
1	3.04	11502
1	3.04	11518
1	2.8800000000000003	11536
1	2.8800000000000003	11552
1	2.8800000000000003	11569
1	3.0599999999999996	11584
1	3.0599999999999996	11602
1	3.0599999999999996	11619
1	2.92	11633
1	2.92	11651
1	2.92	11667
1	2.94	11684
1	2.94	11701
1	2.94	11718
1	3.0300000000000002	11732
1	3.0300000000000002	11749
1	3.0300000000000002	11764
1	3.0100000000000002	11781
1	3.0100000000000002	11799
1	3.0100000000000002	11814
1	3.02	11828
1	3.02	11848
0	3.02	11863
0	3.02	11882
1	3.02	11897
1	3.02	11912
1	3.76	11930
1	3.76	11945
0	3.76	11961
0	3.76	11981
1	3.76	11999
1	3.76	12012
1	3.19	12031
1	3.19	12047
1	3.19	12062
1	3.17	12079
1	3.17	12094
1	3.17	12109
1	3.4099999999999997	12127
1	3.4099999999999997	12142
1	3.4099999999999997	12161
1	3.52	12176
1	3.52	12194
1	3.52	12209
1	3.47	12227
1	3.47	12241
1	3.47	12259
1	3.58	12274
1	3.58	12292
1	3.58	12307
1	3.62	12325
1	3.62	12339
1	3.62	12358
1	3.7399999999999998	12373
1	3.7399999999999998	12389
1	3.7399999999999998	12406
1	3.75	12424
1	3.75	12439
1	3.75	12456
1	3.75	12470
1	3.75	12488
1	3.75	12506
1	3.75	12521
1	3.75	12538
1	3.75	12555
1	3.94	12571
1	3.94	12586
1	3.94	12604
1	3.66	12620
1	3.66	12638
1	3.66	12655
1	3.6	12668
1	3.6	12686
1	3.6	12702
1	3.85	12717
1	3.85	12734
1	3.85	12752
1	3.52	12768
1	3.52	12786
1	3.52	12802
1	3.75	12816
1	3.75	12832
1	3.75	12851
1	3.65	12866
1	3.65	12884
1	3.65	12898
1	3.5100000000000002	12915
1	3.5100000000000002	12932
1	3.5100000000000002	12949
1	3.47	12964
1	3.47	12981
1	3.47	12999
1	3.4499999999999997	13013
1	3.4499999999999997	13030
1	3.4499999999999997	13046
1	3.4499999999999997	13064
1	3.4499999999999997	13080
1	3.4499999999999997	13096
1	3.3899999999999997	13113
1	3.3899999999999997	13130
1	3.3899999999999997	13145
1	3.3600000000000003	13162
1	3.3600000000000003	13178
1	3.3600000000000003	13195
1	3.3400000000000003	13213
1	3.3400000000000003	13229
1	3.3400000000000003	13244
1	3.3400000000000003	13261
1	3.3400000000000003	13279
1	3.3400000000000003	13293
1	3.3600000000000003	13311
1	3.3600000000000003	13326
1	3.3600000000000003	13343
1	3.35	13358
1	3.35	13397
1	3.35	13398
1	3.31	13409
1	3.31	13424
1	3.31	13443
1	3.5500000000000003	13457
1	3.5500000000000003	13493
1	3.5500000000000003	13494
1	3.17	13507
1	3.17	13521
1	3.17	13539
1	2.61	13556
1	2.61	13574
1	2.61	13588
1	2.66	13606
1	2.66	13624
1	2.66	13639
1	2.92	13654
1	2.92	13671
1	2.92	13688
1	2.68	13704
1	2.68	13719
1	2.68	13736
1	2.57	13752
1	2.57	13770
1	2.57	13785
1	2.4499999999999997	13802
1	2.4499999999999997	13822
1	2.4499999999999997	13837
1	2.39	13853
1	2.39	13868
1	2.39	13885
1	2.19	13900
1	2.19	13919
1	2.19	13935
1	2.28	13949
1	2.28	13968
1	2.28	13984
1	2.0100000000000002	13999
1	2.0100000000000002	14016
1	2.0100000000000002	14033
1	2.0100000000000002	14049
0	2.0100000000000002	14065
0	2.0100000000000002	14079
0	2.0100000000000002	14096
0	2.0100000000000002	14114
0	2.0100000000000002	14129
0	2.0100000000000002	14147
0	2.0100000000000002	14162
0	2.0100000000000002	14180
0	2.0100000000000002	14197
0	2.0100000000000002	14213
0	2.0100000000000002	14231
0	2.0100000000000002	14244
0	2.0100000000000002	14263
0	2.0100000000000002	14279
0	2.0100000000000002	14298
0	2.0100000000000002	14312
0	2.0100000000000002	14328
0	2.0100000000000002	14347
0	2.0100000000000002	14362
0	2.0100000000000002	14377
0	2.0100000000000002	14394
0	2.0100000000000002	14410
1	2.0100000000000002	14428
1	2.2300000000000004	14444
1	2.2300000000000004	14459
1	2.2300000000000004	14474
1	2.14	14490
1	2.14	14509
1	2.14	14527
1	2.13	14542
1	2.13	14557
1	2.13	14574
1	2.48	14589
1	2.48	14607
1	2.48	14621
1	2.0799999999999996	14639
1	2.0799999999999996	14656
1	2.0799999999999996	14672
1	2.0799999999999996	14688
1	2.0799999999999996	14704
1	2.0799999999999996	14721
1	2.0500000000000003	14738
1	2.0500000000000003	14753
1	2.0500000000000003	14769
0	2.0500000000000003	14786
0	2.0500000000000003	14804
0	2.0500000000000003	14821
0	2.0500000000000003	14836
0	2.0500000000000003	14854
0	2.0500000000000003	14870
0	2.0500000000000003	14890
0	2.0500000000000003	14904
0	2.0500000000000003	14920
0	2.0500000000000003	14939
1	2.0500000000000003	14955
1	2.0500000000000003	14966
1	2	14984
1	2	15000
1	2	15019
1	1.8699999999999999	15034
1	1.8699999999999999	15050
1	1.8699999999999999	15068
1	1.9200000000000002	15083
1	1.9200000000000002	15098
1	1.9200000000000002	15116
1	1.97	15133
1	1.97	15147
1	1.97	15165
1	2.14	15183
1	2.14	15197
1	2.14	15213
0	2.14	15229
0	2.14	15249
0	2.14	15266
0	2.14	15282
0	2.14	15297
0	2.14	15315
0	2.14	15330
0	2.14	15346
0	2.14	15363
0	2.14	15380
0	2.14	15395
0	2.14	15413
0	2.14	15429
0	2.14	15447
0	2.14	15463
0	2.14	15480
0	2.14	15497
0	2.14	15511
0	2.14	15528
1	2.14	15545
1	2.14	15559
1	2.56	15575
1	2.56	15592
1	2.56	15610
1	2.4099999999999997	15625
1	2.4099999999999997	15643
1	2.4099999999999997	15658
1	2.71	15675
1	2.71	15694
1	2.71	15708
1	2.62	15724
1	2.62	15743
1	2.62	15757
1	2.81	15776
1	2.81	15791
1	2.81	15808
1	2.72	15823
1	2.72	15839
1	2.72	15856
1	3.09	15873
1	3.09	15889
1	3.09	15904
1	3.0799999999999996	15923
1	3.0799999999999996	15939
1	3.0799999999999996	15953
1	3.57	15972
1	3.57	15989
1	3.57	16004
1	2.9099999999999997	16020
1	2.9099999999999997	16037
1	2.9099999999999997	16051
1	2.5500000000000003	16070
0	2.5500000000000003	16084
0	2.5500000000000003	16103
0	2.5500000000000003	16120
0	2.5500000000000003	16137
0	2.5500000000000003	16154
0	2.5500000000000003	16168
0	2.5500000000000003	16185
0	2.5500000000000003	16203
1	2.1	16218
1	2.1	16233
1	2.1	16249
1	2.11	16266
1	2.11	16282
1	2.11	16297
1	2.11	16315
1	2.11	16330
1	2.11	16346
1	2.11	16365
1	2.11	16379
1	2.11	16399
1	3.07	16414
1	3.07	16431
1	3.07	16447
1	3.46	16466
1	3.46	16482
1	3.46	16497
1	3.5300000000000002	16513
1	3.5300000000000002	16530
1	3.5300000000000002	16547
1	3.4299999999999997	16562
1	3.4299999999999997	16578
1	3.4299999999999997	16592
1	3.49	16610
1	3.49	16627
0	3.49	16642
0	3.49	16663
0	3.49	16678
0	3.49	16694
1	2.82	16710
0	2.82	16727
1	2.82	16743
1	2.99	16757
1	2.99	16774
1	2.99	16792
1	2.8800000000000003	16807
1	2.8800000000000003	16823
1	2.8800000000000003	16841
1	3.0599999999999996	16856
1	3.0599999999999996	16875
1	3.0599999999999996	16890
1	3.0500000000000003	16905
1	3.0500000000000003	16926
1	3.0500000000000003	16938
1	3.35	16955
1	3.35	16972
1	3.35	16987
1	3.23	17005
1	3.23	17021
1	3.23	17038
1	3.4299999999999997	17054
1	3.4299999999999997	17070
1	3.4299999999999997	17086
1	3.37	17105
1	3.37	17122
1	3.37	17136
1	3.33	17156
1	3.33	17170
1	3.33	17185
1	3.25	17204
1	3.25	17218
1	3.25	17236
1	3.3400000000000003	17253
1	3.3400000000000003	17269
1	3.3400000000000003	17287
1	3.78	17301
1	3.78	17318
1	3.78	17332
1	3.85	17349
1	3.85	17367
1	3.85	17382
1	3.44	17399
1	3.44	17415
1	3.44	17432
1	4.2700000000000005	17449
1	4.2700000000000005	17465
