1	3.33	125	1.70178	-1.19141
1	3.33	140	1.70149	-1.19047
1	3.29	156	1.70118	-1.18937
1	3.29	171	1.69986	-1.18710
1	3.29	187	1.70118	-1.18582
1	3.31	203	1.70254	-1.18496
1	3.31	218	1.67971	-1.14998
1	3.31	234	1.67777	-1.12797
1	3.4099999999999997	250	1.67421	-1.11615
1	3.4099999999999997	265	1.71924	-1.17677
1	3.4099999999999997	281	1.70837	-1.16567
1	3.4	296	1.70409	-1.16292
1	3.4	312	1.73138	-1.19690
1	3.4	328	1.73296	-1.20075
1	3.37	359	1.73299	-1.20187
1	3.37	375	1.75280	-1.22350
1	3.37	390	1.74292	-1.22007
1	3.3400000000000003	406	1.73539	-1.21841
1	3.3400000000000003	421	1.74752	-1.23226
1	3.3400000000000003	437	1.75695	-1.24264
1	3.25	453	1.78595	-1.28262
1	3.25	468	1.81092	-1.31203
1	3.25	484	1.79497	-1.29189
1	3.17	500	1.78700	-1.28182
1	3.17	515	1.78760	-1.26864
1	3.17	531	1.76410	-1.24724
1	3.15	546	1.74608	-1.22995
1	3.15	562	1.74939	-1.22549
1	3.15	578	1.75095	-1.23266
1	3.44	593	1.75570	-1.24403
1	3.44	609	1.73853	-1.22982
1	3.44	625	1.73882	-1.22978
1	3.32	640	1.73990	-1.23105
1	3.32	671	1.74195	-1.23074
1	3.32	687	1.74681	-1.24137
1	3.63	703	1.75314	-1.25373
1	3.63	718	1.76124	-1.26803
1	3.63	734	1.76116	-1.26820
1	3.31	750	1.76005	-1.26671
1	3.31	765	1.77916	-1.30669
1	3.31	781	1.84055	-1.37140
1	3.23	796	1.84785	-1.37238
1	3.23	812	1.78896	-1.29631
1	3.23	828	1.74913	-1.24249
1	3.0300000000000002	843	1.70400	-1.17509
1	3.0300000000000002	859	1.64525	-1.07695
1	3.0300000000000002	875	1.62931	-1.05910
1	2.87	890	1.58775	-1.00047
1	2.87	906	1.60525	-0.99906
1	2.87	921	1.64184	-1.03127
1	2.87	937	1.69382	-1.07855
1	2.87	953	1.68183	-1.12495
1	2.87	968	1.68554	-1.16409
1	3.0100000000000002	1000	1.69609	-1.23483
1	3.0100000000000002	1015	1.73399	-1.27107
1	3.0100000000000002	1031	1.71431	-1.25022
1	3.14	1046	1.70447	-1.23979
1	3.14	1062	1.69725	-1.23125
1	3.14	1078	1.69413	-1.21729
1	2.97	1093	1.69088	-1.20638
1	2.97	1109	1.70387	-1.22148
1	2.97	1125	1.71429	-1.23737
1	2.97	1140	1.72344	-1.25083
1	2.97	1156	1.74729	-1.27773
1	2.97	1171	1.75913	-1.29311
1	3.04	1187	1.76995	-1.30743
1	3.04	1203	1.77872	-1.32014
1	3.04	1218	1.77964	-1.32000
1	3.14	1234	1.80593	-1.34684
1	3.14	1250	1.77153	-1.34766
1	3.14	1265	1.74577	-1.32431
1	3.21	1281	1.71197	-1.30707
1	3.21	1312	1.88727	-1.45000
1	3.21	1328	1.90466	-1.47823
1	3.1	1343	1.98007	-1.55173
1	3.1	1359	1.83017	-1.55190
1	3.1	1375	0.41664	-0.02397
0	3.1	1390	-0.36508	0.73991
0	3.1	1406	-0.36508	0.73991
0	3.1	1421	-0.36508	0.73991
0	3.1	1437	0.00000	0.00000
0	3.1	1453	0.00000	0.00000
0	3.1	1468	0.00000	0.00000
0	3.1	1484	0.00000	0.00000
0	3.1	1500	0.00000	0.00000
0	3.1	1515	0.00000	0.00000
0	3.1	1531	0.00000	0.00000
0	3.1	1546	0.00000	0.00000
0	3.1	1562	0.00000	0.00000
1	2.6	1593	-2.12981	2.77333
1	2.6	1625	0.39714	0.15342
1	2.61	1640	1.64296	-1.14447
1	2.61	1656	1.71212	-1.22590
1	2.61	1671	1.73541	-1.22784
1	2.76	1687	1.78839	-1.26706
1	2.76	1703	1.70911	-1.18063
1	2.76	1718	1.70873	-1.22523
1	2.84	1734	1.68444	-1.24535
1	2.84	1750	1.69433	-1.28675
1	2.84	1765	1.75248	-1.33469
1	2.63	1781	1.81440	-1.39909
1	2.63	1796	1.72364	-1.33458
1	2.63	1812	1.70509	-1.30066
1	2.83	1828	1.65859	-1.24733
1	2.83	1843	1.67062	-1.23537
1	2.83	1859	1.66643	-1.23138
1	2.6	1875	1.66468	-1.23131
1	2.6	1890	1.76197	-1.31841
1	2.6	1906	1.75613	-1.35400
1	2.72	1921	1.75475	-1.36914
1	2.72	1953	1.80064	-1.44907
1	2.72	1968	1.89367	-1.51690
1	2.5	1984	1.92705	-1.53902
1	2.5	2000	1.93672	-1.52830
1	2.5	2015	2.00891	-1.62138
1	2.63	2031	2.03375	-1.65363
1	2.63	2046	1.95274	-1.56143
1	2.63	2062	1.91874	-1.51644
1	2.54	2078	1.89285	-1.48118
1	2.54	2093	1.85947	-1.44559
1	2.54	2109	1.85030	-1.42428
1	2.49	2125	1.84317	-1.40771
1	2.49	2140	1.85374	-1.42133
1	2.49	2156	1.85998	-1.42016
1	2.4699999999999998	2171	1.86402	-1.41708
1	2.4699999999999998	2187	1.86216	-1.41128
1	2.4699999999999998	2203	1.83483	-1.37578
1	2.4299999999999997	2218	1.82831	-1.39143
1	2.4299999999999997	2234	1.79762	-1.34861
1	2.4299999999999997	2265	1.81980	-1.36043
1	2.72	2281	1.83491	-1.36919
1	2.72	2297	1.83627	-1.37783
1	2.72	2312	1.86421	-1.40066
1	2.59	2328	1.88799	-1.42140
1	2.59	2343	1.90804	-1.45119
1	2.59	2359	1.90690	-1.45371
1	2.82	2375	1.90536	-1.45479
1	2.82	2390	1.90225	-1.45880
1	2.82	2406	1.88258	-1.44521
1	2.81	2422	1.86602	-1.43445
1	2.81	2437	1.88191	-1.45426
1	2.81	2453	1.81005	-1.38464
1	2.66	2468	1.78210	-1.35472
1	2.66	2484	1.71393	-1.28630
1	2.66	2500	1.67273	-1.24226
1	2.62	2515	1.65531	-1.22121
1	2.62	2531	1.66435	-1.23359
1	2.62	2547	1.64867	-1.21794
1	2.46	2562	1.63552	-1.20368
1	2.46	2593	1.63400	-1.20447
1	2.46	2609	1.62994	-1.19890
1	2.61	2625	1.62863	-1.19775
1	2.61	2640	1.63515	-1.19688
1	2.61	2656	1.65131	-1.21184
1	2.94	2672	1.66630	-1.22627
1	2.94	2687	1.67498	-1.23837
1	2.94	2703	1.68341	-1.25048
1	2.82	2718	1.69083	-1.26158
1	2.82	2734	1.69062	-1.26535
1	2.82	2750	1.71642	-1.29142
1	2.98	2765	1.75275	-1.31235
1	2.98	2781	1.71308	-1.26316
1	2.98	2797	1.69260	-1.22830
1	2.85	2812	1.68031	-1.20739
1	2.85	2828	1.70827	-1.23735
1	2.85	2843	1.70391	-1.24361
1	3.12	2859	1.70086	-1.24869
1	3.12	2875	1.71536	-1.26646
1	3.12	2890	1.71790	-1.27330
1	2.9299999999999997	2922	1.71914	-1.27750
1	2.9299999999999997	2937	1.70376	-1.26572
1	2.9299999999999997	2953	1.69289	-1.25832
1	2.84	2968	1.68302	-1.25097
1	2.84	2984	1.68972	-1.25877
1	2.84	3000	1.69497	-1.26268
1	2.7	3015	1.69835	-1.26409
1	2.7	3031	1.69205	-1.25723
1	2.7	3047	1.69242	-1.25743
1	2.78	3062	1.69269	-1.25727
1	2.78	3078	1.68857	-1.24826
1	2.78	3093	1.66296	-1.22676
1	3.04	3109	1.67554	-1.24776
1	3.04	3125	1.71440	-1.27307
1	3.04	3140	1.76659	-1.30010
1	3.25	3156	1.80422	-1.32120
1	3.25	3172	1.76184	-1.28353
1	3.25	3187	1.75130	-1.28380
1	3.32	3203	1.75041	-1.29304
1	3.32	3234	1.76137	-1.31087
1	3.32	3250	1.77395	-1.32802
1	3.2399999999999998	3265	1.78195	-1.33856
1	3.2399999999999998	3281	1.76804	-1.33310
1	3.2399999999999998	3297	1.76434	-1.32783
1	2.94	3312	1.75944	-1.32000
1	2.94	3328	1.74375	-1.30031
1	2.94	3343	1.72659	-1.28486
1	2.81	3359	1.71025	-1.26869
1	2.81	3375	1.70263	-1.25620
1	2.81	3390	1.69242	-1.24140
1	3.0599999999999996	3406	1.65583	-1.20230
1	3.0599999999999996	3422	1.68646	-1.20170
1	3.0599999999999996	3437	1.69771	-1.21004
1	3.22	3453	1.71047	-1.22566
1	3.22	3468	1.73897	-1.25415
1	3.22	3484	1.76216	-1.26390
1	3.3800000000000003	3500	1.78322	-1.27748
1	3.3800000000000003	3515	1.77391	-1.26380
1	3.3800000000000003	3531	1.76908	-1.26055
1	3.3400000000000003	3562	1.76521	-1.25794
1	3.3400000000000003	3578	1.76729	-1.25992
1	3.3400000000000003	3593	1.77864	-1.26971
1	3.26	3609	1.78825	-1.27799
1	3.26	3625	1.78466	-1.27499
1	3.26	3640	1.81044	-1.29581
1	3.16	3656	1.81612	-1.30411
1	3.16	3672	1.74594	-1.24876
1	3.16	3687	1.71409	-1.25723
1	2.99	3703	1.71011	-1.28450
1	2.99	3718	1.74139	-1.28399
1	2.99	3734	1.76690	-1.30711
1	2.96	3750	1.78152	-1.31881
1	2.96	3765	1.78647	-1.33190
1	2.96	3781	1.77641	-1.30701
1	2.9499999999999997	3797	1.76887	-1.28833
1	2.9499999999999997	3812	1.76033	-1.28873
1	2.9499999999999997	3828	1.73428	-1.26382
1	2.64	3843	1.71157	-1.24057
1	2.64	3875	1.71127	-1.24376
1	2.64	3890	1.70355	-1.23865
1	2.77	3906	1.69583	-1.23235
1	2.77	3922	1.69989	-1.23259
1	2.77	3937	1.67465	-1.19798
1	2.99	3953	1.66656	-1.15368
1	2.99	3968	1.69212	-1.19391
1	2.99	3984	1.69079	-1.18159
1	2.83	4000	1.69345	-1.17961
1	2.83	4015	1.72497	-1.19981
1	2.83	4031	1.73238	-1.20811
1	3.1	4047	1.74021	-1.21787
1	3.1	4062	1.72965	-1.20839
1	3.1	4078	1.72734	-1.21086
1	2.9	4093	1.72642	-1.21445
1	2.9	4109	1.72135	-1.20939
1	2.9	4125	1.73361	-1.21982
1	3.22	4140	1.74411	-1.22876
1	3.22	4156	1.73943	-1.22671
1	3.22	4187	1.72601	-1.21198
1	3.0500000000000003	4203	1.71417	-1.19898
1	3.0500000000000003	4218	1.71798	-1.20351
1	3.0500000000000003	4234	1.72466	-1.20969
1	3.16	4250	1.73007	-1.21434
1	3.16	4265	1.72427	-1.20943
1	3.16	4281	1.71469	-1.19959
1	2.94	4297	1.68717	-1.16875
1	2.94	4312	1.71461	-1.20024
1	2.94	4328	1.74763	-1.24147
1	3.15	4343	1.78980	-1.29320
1	3.15	4359	1.78491	-1.29016
1	3.15	4375	1.79010	-1.26428
1	3.21	4390	1.79559	-1.25562
1	3.21	4406	1.81872	-1.28054
1	3.21	4422	1.79896	-1.27704
1	3.32	4437	1.78632	-1.27701
1	3.32	4453	1.78165	-1.27703
1	3.32	4468	1.77870	-1.27709
1	3.19	4484	1.77633	-1.27713
1	3.19	4515	1.78491	-1.28869
1	3.19	4531	1.77355	-1.27930
1	3.16	4547	1.76318	-1.27010
1	3.16	4562	1.73834	-1.24518
1	3.16	4578	1.73540	-1.44750
0	3.16	4593	1.73540	-1.44750
0	3.16	4609	1.73540	-1.44750
0	3.16	4625	0.00000	0.00000
0	3.16	4640	0.00000	0.00000
0	3.16	4656	0.00000	0.00000
0	3.16	4672	0.00000	0.00000
0	3.16	4687	0.00000	0.00000
0	3.16	4703	0.00000	0.00000
0	3.16	4718	0.00000	0.00000
0	3.16	4734	0.00000	0.00000
0	3.16	4750	0.00000	0.00000
0	3.16	4765	0.00000	0.00000
0	3.16	4797	0.00000	0.00000
0	3.16	4812	0.00000	0.00000
0	3.16	4828	0.00000	0.00000
1	3.31	4844	0.92618	-1.89402
1	3.31	4859	1.19176	-1.68561
1	3.31	4875	1.73188	-2.07851
1	3.27	4890	1.68365	-1.63856
1	3.27	4906	1.71282	-1.55143
1	3.27	4922	1.70052	-1.28038
1	3.25	4937	1.69691	-1.26882
1	3.25	4953	1.71681	-1.29533
1	3.25	4969	1.71045	-1.29139
1	2.97	4984	1.69929	-1.27647
1	2.97	5000	1.68210	-1.25131
1	2.97	5015	1.68019	-1.24410
1	3.02	5031	1.67769	-1.23692
1	3.02	5047	1.68861	-1.24545
1	3.02	5062	1.68679	-1.23470
1	3.0100000000000002	5078	1.68612	-1.22720
1	3.0100000000000002	5094	1.68999	-1.22797
1	3.0100000000000002	5109	1.69821	-1.22991
1	3.0500000000000003	5125	1.70596	-1.23265
1	3.0500000000000003	5156	1.70076	-1.22812
1	3.0500000000000003	5172	1.70810	-1.23595
1	3.23	5187	1.71527	-1.24397
1	3.23	5203	1.71815	-1.24559
1	3.23	5219	1.75120	-1.25591
1	3.1	5234	1.80601	-1.31663
1	3.1	5250	1.85088	-1.37707
1	3.1	5265	1.95886	-1.47502
1	3.3	5281	2.02393	-1.52247
1	3.3	5297	1.99251	-1.50152
1	3.3	5312	2.00401	-1.52758
1	3.35	5328	2.00824	-1.53911
1	3.35	5344	1.95949	-1.49457
1	3.35	5359	1.94477	-1.48946
1	2.89	5375	1.93087	-1.48027
1	2.89	5390	1.89272	-1.44606
1	2.89	5406	1.85929	-1.41380
1	2.89	5422	1.82993	-1.38424
1	2.89	5437	1.80767	-1.36164
1	2.89	5469	1.78831	-1.33595
1	2.82	5484	1.72901	-1.27806
1	2.82	5500	1.64599	-1.19053
1	2.82	5515	1.63627	-1.17397
1	2.85	5531	1.60130	-1.13232
1	2.85	5547	1.61835	-1.15407
1	2.85	5562	1.60741	-1.15422
1	2.76	5578	1.60195	-1.15430
1	2.76	5594	1.58250	-1.13566
1	2.76	5609	1.59258	-1.13218
1	2.84	5625	1.59977	-1.12969
1	2.84	5640	1.61791	-1.13697
1	2.84	5656	1.63009	-1.14035
1	2.96	5672	1.64093	-1.14523
1	2.96	5687	1.64713	-1.15204
1	2.96	5703	1.66035	-1.17173
1	2.8600000000000003	5719	1.67218	-1.18898
1	2.8600000000000003	5734	1.66964	-1.19171
1	2.8600000000000003	5750	1.66057	-1.18237
1	2.76	5765	1.65264	-1.17419
1	2.76	5797	1.67944	-1.19328
1	2.76	5812	1.67533	-1.20966
1	3.0500000000000003	5828	1.67455	-1.21612
1	3.0500000000000003	5844	1.69175	-1.23812
1	3.0500000000000003	5859	1.69897	-1.24319
1	2.8800000000000003	5875	1.70716	-1.25209
1	2.8800000000000003	5890	1.72081	-1.25302
1	2.8800000000000003	5906	1.72172	-1.26528
1	3.07	5922	1.72359	-1.27747
1	3.07	5937	1.74145	-1.30246
1	3.07	5953	1.75437	-1.31967
1	3.15	5969	1.76485	-1.33305
1	3.15	5984	1.75800	-1.32917
1	3.15	6000	1.74232	-1.30921
1	3.07	6015	1.72807	-1.29052
1	3.07	6031	1.71990	-1.28236
1	3.07	6047	1.71572	-1.27723
1	3.11	6062	1.71177	-1.27254
1	3.11	6078	1.71057	-1.26566
1	3.11	6109	1.71839	-1.26930
1	3.1	6125	1.72605	-1.27347
1	3.1	6140	1.72957	-1.27554
1	3.1	6156	1.71774	-1.25035
1	3.0599999999999996	6172	1.79405	-1.36557
1	3.0599999999999996	6187	1.74054	-1.31382
1	3.0599999999999996	6203	1.72592	-1.29032
1	3.28	6219	1.71652	-1.27416
1	3.28	6234	1.73274	-1.28431
1	3.28	6250	1.75179	-1.29223
1	2.8600000000000003	6265	1.76333	-1.29402
1	2.8600000000000003	6281	1.77383	-1.29535
1	2.8600000000000003	6297	1.77805	-1.28891
1	3.04	6312	1.78073	-1.28293
1	3.04	6328	1.76832	-1.26508
1	3.04	6344	1.77020	-1.26531
1	3.09	6359	1.77250	-1.26655
1	3.09	6375	1.76624	-1.26261
1	3.09	6390	1.76759	-1.26627
1	3.21	6406	1.76988	-1.27128
1	3.21	6437	1.77358	-1.27257
1	3.21	6453	1.77422	-1.27365
1	3.3600000000000003	6469	1.77529	-1.27514
1	3.3600000000000003	6484	1.77956	-1.27911
1	3.3600000000000003	6500	1.78477	-1.28541
1	3.28	6515	1.78916	-1.29082
1	3.28	6531	1.82018	-1.33706
1	3.28	6547	1.90154	-1.47130
1	3.33	6562	1.92866	-1.51605
1	3.33	6578	1.92105	-1.54063
1	3.33	6594	1.80972	-1.40012
1	3.21	6609	1.77158	-1.34976
1	3.21	6625	1.77077	-1.30899
1	3.21	6640	1.90739	-1.44851
1	3.13	6656	1.94961	-1.49188
1	3.13	6672	1.94838	-1.52956
1	3.13	6687	1.79989	-1.36219
1	3.02	6703	1.74713	-1.29923
1	3.02	6719	1.66435	-1.16090
1	3.02	6750	1.71681	-1.19426
1	2.99	6765	1.73475	-1.20770
1	2.99	6781	1.77974	-1.26933
1	2.99	6797	1.84693	-1.36101
1	3.0100000000000002	6812	1.86933	-1.39157
1	3.0100000000000002	6828	1.83608	-1.37217
1	3.0100000000000002	6844	1.73789	-1.29549
1	3.15	6859	1.71444	-1.28815
1	3.15	6875	1.69090	-1.32351
1	3.15	6890	1.79613	-1.42176
1	3.23	6906	1.83398	-1.45484
1	3.23	6922	1.93068	-1.51085
1	3.23	6937	1.93576	-1.47934
1	3.3	6953	1.93407	-1.46371
1	3.3	6969	1.91737	-1.46511
1	3.3	6984	1.86271	-1.39622
1	3.15	7000	1.76441	-1.27612
1	3.15	7015	1.73216	-1.24335
1	3.15	7031	1.65171	-1.15736
1	2.87	7047	1.63358	-1.14514
1	2.87	7078	1.80695	-0.99781
0	2.87	7094	1.88457	-0.91804
0	2.87	7109	1.88457	-0.91804
1	2.87	7125	1.96908	-0.76483
1	2.87	7140	2.42886	-0.95745
0	2.87	7156	2.42886	-0.95745
1	2.87	7172	2.54888	-1.06628
1	2.87	7187	2.53179	-1.04883
1	2.9299999999999997	7203	2.47221	-0.99394
0	2.9299999999999997	7219	2.47221	-0.99394
1	2.9299999999999997	7234	2.11723	-1.15288
1	2.77	7250	1.96888	-1.25639
1	2.77	7265	1.95107	-1.33574
1	2.77	7281	1.87227	-1.41953
1	2.59	7297	1.86817	-1.40394
1	2.59	7312	1.89392	-1.44250
1	2.59	7328	1.88863	-1.44273
1	2.5300000000000002	7344	1.88292	-1.43882
1	2.5300000000000002	7359	1.87200	-1.42265
1	2.5300000000000002	7390	1.86461	-1.41533
1	2.68	7406	1.85990	-1.41048
1	2.68	7422	1.85420	-1.40700
1	2.68	7437	1.84762	-1.39903
1	2.59	7453	1.84216	-1.39194
1	2.59	7469	1.84045	-1.38952
1	2.59	7484	1.83648	-1.38558
1	2.57	7500	1.83249	-1.38127
1	2.57	7516	1.80298	-1.35231
1	2.57	7531	1.79622	-1.29634
1	2.5799999999999996	7547	1.79113	-1.27339
1	2.5799999999999996	7562	1.74430	-1.20392
1	2.5799999999999996	7578	1.73925	-1.20338
1	2.42	7594	1.73524	-1.20277
1	2.42	7609	1.70880	-1.18028
1	2.42	7625	1.67539	-1.15474
1	2.8	7641	1.65530	-1.14057
1	2.8	7656	1.64552	-1.13983
1	2.8	7672	1.64488	-1.14711
1	2.87	7687	1.64728	-1.15773
1	2.87	7719	1.65677	-1.17583
1	2.87	7734	1.66100	-1.18766
1	2.9499999999999997	7750	1.66541	-1.19904
1	2.9499999999999997	7766	1.67140	-1.20650
1	2.9499999999999997	7781	1.68403	-1.22244
1	2.9499999999999997	7797	1.69498	-1.23626
1	2.9499999999999997	7812	1.69826	-1.24431
1	2.9499999999999997	7828	1.70619	-1.28933
1	2.92	7844	1.68774	-1.30406
1	2.92	7859	1.72513	-1.32169
1	2.92	7875	1.77603	-1.36856
1	2.82	7891	1.81746	-1.39925
1	2.82	7906	1.76913	-1.34227
1	2.82	7922	1.78586	-1.35543
1	2.79	7937	1.79590	-1.36333
1	2.79	7953	1.82094	-1.38811
1	2.79	7969	1.84521	-1.41008
1	2.77	7984	1.86342	-1.42656
1	2.77	8000	1.85598	-1.41030
1	2.77	8031	1.84801	-1.40191
1	2.87	8047	1.84149	-1.39504
1	2.87	8062	1.83833	-1.39566
1	2.87	8078	1.83306	-1.39367
1	3.0300000000000002	8094	1.82854	-1.39196
1	3.0300000000000002	8109	1.84396	-1.40427
1	3.0300000000000002	8125	1.84333	-1.40169
1	2.92	8141	1.84219	-1.39848
1	2.92	8156	1.84076	-1.39441
1	2.92	8172	1.83533	-1.38564
1	2.9299999999999997	8187	1.80755	-1.34376
1	2.9299999999999997	8203	1.73889	-1.25694
1	2.9299999999999997	8219	1.76569	-1.26233
1	3.07	8234	1.77360	-1.24481
1	3.07	8250	1.78184	-1.29466
1	3.07	8266	1.84987	-1.36327
1	3.0100000000000002	8281	1.92493	-1.45680
1	3.0100000000000002	8297	1.88584	-1.42912
1	3.0100000000000002	8312	1.93481	-1.47930
1	3.0599999999999996	8328	1.95602	-1.49681
1	3.0599999999999996	8359	1.92441	-1.47718
1	3.0599999999999996	8375	1.89755	-1.43954
1	2.8800000000000003	8391	1.87309	-1.40434
1	2.8800000000000003	8406	1.85384	-1.37705
1	2.8800000000000003	8422	1.81968	-1.33332
1	2.4099999999999997	8437	1.78934	-1.29347
1	2.4099999999999997	8453	1.77424	-1.26622
1	2.4099999999999997	8469	1.73789	-1.21489
1	2.4	8484	1.63150	-1.05353
1	2.4	8500	1.70284	-1.12503
1	2.4	8516	1.72440	-1.14643
1	2.5100000000000002	8531	1.74491	-1.17371
1	2.5100000000000002	8547	1.74792	-1.19181
1	2.5100000000000002	8562	1.75075	-1.20464
1	2.73	8578	1.76030	-1.22603
1	2.73	8594	1.77180	-1.23789
1	2.73	8609	1.79925	-1.28829
1	3.0100000000000002	8625	1.82785	-1.33962
